,blockNumber,timestamp,transactionHash,from,to,fromIsContract,toIsContract,callType,callingFunction,value,isError
0,4806932,1514384188,0x18734c7c2275f8971da016428794b9a0145926919eb4116f5059471ee4d86d5f,0x1cb9df69360481fc20a5f569590cdbad0f9d27ad,0x08d1228b85b5c278754ad0bd46eb273c68bb0a96,0,0,call,0x,0.1,None
1,4806956,1514384612,0x6e3df8080a031d9de830e266580de68a62ab599eabfb2c530e91cb18f7909372,0x1cb9df69360481fc20a5f569590cdbad0f9d27ad,0x08d1228b85b5c278754ad0bd46eb273c68bb0a96,0,0,call,0x,500.0,None
2,4806968,1514384789,0x9b09d06903432211ee1e57c7c8e7ce70fd58666732cb053bd5dd424153bd0139,0x1cb9df69360481fc20a5f569590cdbad0f9d27ad,0x08d1228b85b5c278754ad0bd46eb273c68bb0a96,0,0,call,0x,500.0,None
3,4806987,1514385126,0xed9484229e6191442e6d0ae1480b8c6cca0207228c32b254152e824c7cfbcd92,0x1cb9df69360481fc20a5f569590cdbad0f9d27ad,0x08d1228b85b5c278754ad0bd46eb273c68bb0a96,0,0,call,0x,500.0,None
4,4806998,1514385329,0xd8a33914d43e07c7bd1c940751fd229cf037e7bf376574bf6241384c572e5617,0x1cb9df69360481fc20a5f569590cdbad0f9d27ad,0x08d1228b85b5c278754ad0bd46eb273c68bb0a96,0,0,call,0x,500.0,None
5,4807014,1514385546,0xba4841d8b2c3d1fb961ce1413ba816bbea8204706fd4242e0dff30acd59aab33,0x1cb9df69360481fc20a5f569590cdbad0f9d27ad,0x08d1228b85b5c278754ad0bd46eb273c68bb0a96,0,0,call,0x,500.0,None
6,4807025,1514385716,0xc4792749289e009f049d623495444c8de66edfa95aaba8d31bf52d4b7976d409,0x1cb9df69360481fc20a5f569590cdbad0f9d27ad,0x08d1228b85b5c278754ad0bd46eb273c68bb0a96,0,0,call,0x,500.0,None
7,8309668,1565263438,0xac7d9bdd14f1e8031b1cbb11055acac0338c828a231b2313b937c8e36174f00e,0xb83488322899d7e039bcec4f2cb6ee7b88303a4b,0x08d1228b85b5c278754ad0bd46eb273c68bb0a96,0,0,call,0x,9.11e-16,None
