blockNumber,timestamp,transactionHash,from,to,fromIsContract,toIsContract,callType,callingFunction,value,isError
5490208,1524463910,0xeaf0832d4c121e120c24c0f86833e35bd36f404aa270a8e90379325dc8768195,0x2a5d36b8cbf8a436eecec0b46df1a3fb7af28979,0x59f6992e185d62d57036ca4b82465e9e5c3a8f32,0,0,call,0x,0.5,None
5489964,1524460483,0x4268899b7d8472771a98e32dd70938b573c08d0cef28fe8b0a038ed0653ecd2c,0x05df02de1fdc6655f5983e7e5c7281858b904677,0x59f6992e185d62d57036ca4b82465e9e5c3a8f32,0,0,call,0x,0.584900459787595,None
5496058,1524551963,0x06547ad3b37933cee853a9f3881afb3e3664bcdc0c0abf331e8298c2d029830a,0x3e7b085d919b77b1b6b6011ab4f9fff4ca903e32,0x59f6992e185d62d57036ca4b82465e9e5c3a8f32,0,0,call,0x,1.0,None
5493169,1524508834,0x77b746bd29dad2e42cbb1f0cc2c341bdf34bc02dde4e298b677b43b3b56830d4,0xc58bb74606b73c5043b75d7aa25ebe1d5d4e7c72,0x59f6992e185d62d57036ca4b82465e9e5c3a8f32,0,0,call,0x,0.5,None
4967652,1516849296,0xaebcc431d0ccd6fde52fa852c10670bde0fcdbec2c2d554a2c746ed2113b0576,0xfbb1b73c4f0bda4f67dca266ce6ef42f520fbb98,0x0681d8db095565fe8a346fa0277bffde9c0edbbf,0,0,call,0x,1.4169999999999998,None
5446134,1523812175,0x36fb0f67c8c713d56a2e0115aaa1631130e94a44bb277b523203b6ccb0a2f58e,0x0681d8db095565fe8a346fa0277bffde9c0edbbf,0xc5b0f34daaa9182486c830ed0f15807ef8577372,0,0,call,0x,4.99,None
5449180,1523856297,0x77e05e4bce06b3b8968bed8b5c359c71d6ad4def32363d368f33cc503ff2a75f,0x0681d8db095565fe8a346fa0277bffde9c0edbbf,0xc5b0f34daaa9182486c830ed0f15807ef8577372,0,0,call,0x,1.0889236999999998,None
5491275,1524479931,0xeff9ed22386d6f82d303f89d7917b4d148c712ea5492229023628374caa1db30,0x0681d8db095565fe8a346fa0277bffde9c0edbbf,0x59f6992e185d62d57036ca4b82465e9e5c3a8f32,0,0,call,0x,0.88058588,None
5493741,1524517292,0xf466296fe4da00d9445efc37ce1126496c217ba011119e8b0cc0bda934afabcf,0x0681d8db095565fe8a346fa0277bffde9c0edbbf,0x59f6992e185d62d57036ca4b82465e9e5c3a8f32,0,0,call,0x,0.51,None
5494966,1524535326,0xb870b772ff04b00acaf269c182545bcb6725c93c04dd501e9ddfee16608c3488,0x0681d8db095565fe8a346fa0277bffde9c0edbbf,0x59f6992e185d62d57036ca4b82465e9e5c3a8f32,0,0,call,0x,0.5,None
5562222,1525549807,0xbd7bb3600486e4c6a2e8ba94bd1fb0f47fcd6008aaf1135533f25404aedc963b,0x0681d8db095565fe8a346fa0277bffde9c0edbbf,0xfbb1b73c4f0bda4f67dca266ce6ef42f520fbb98,0,0,call,0x,0.09189800000000001,None
6675362,1541809152,0x55b94f074499df2f79c224be89c966ac3821ad6a339798fdae7979cbf872b437,0x0681d8db095565fe8a346fa0277bffde9c0edbbf,0x390de26d772d2e2005c6d1d24afc902bae37a4bb,0,0,call,0x,0.25216148,None
8014848,1561300367,0x1a78cd01df4b27bb004c39c9baf320d2d951489349c4c9c9e7a07974c6d50b8e,0x0681d8db095565fe8a346fa0277bffde9c0edbbf,0xfbb1b73c4f0bda4f67dca266ce6ef42f520fbb98,0,0,call,0x,4.00063,None
5503087,1524657098,0xf0e113b8adeb80900d427b5dbd3d166115bc08f69ea1217a19b9e8a1f2bc1fc3,0x59f6992e185d62d57036ca4b82465e9e5c3a8f32,0x971b6bd92dbff4af50be1dd12bf271cafb8f4e5b,0,0,call,0x,8.0,None
5503097,1524657214,0xa58df8d39d442f7d257bb5d9169d3c3f197e100105f3b9f364dac5f5031ec318,0x59f6992e185d62d57036ca4b82465e9e5c3a8f32,0xdd02168977189e6c3d7e8c17a98a743f8af0085f,0,0,call,0x,3.166835909787596,None
4991438,1517193654,0xaa90cbf9326192a382f83ffaad0370a9098a691668c05a2873c8a444ae16e777,0xfbb1b73c4f0bda4f67dca266ce6ef42f520fbb98,0xad74e29e47cb678b88f6d43b5f262fd6847eb6ae,0,0,call,0x,0.51421463,None
5489441,1524452562,0xc7cb86ad15d061713c32a51410cc2be6e5dd1b32a46cf895aef9f00816b12361,0xad74e29e47cb678b88f6d43b5f262fd6847eb6ae,0x59f6992e185d62d57036ca4b82465e9e5c3a8f32,0,0,call,0x,0.5,None
4335690,1507108118,0xc75160b46bfa19c3aef0b7cfda175890e0f2351a2392ff37f6c99dd15fd9f49d,0xfbb1b73c4f0bda4f67dca266ce6ef42f520fbb98,0x390de26d772d2e2005c6d1d24afc902bae37a4bb,0,0,call,0x,3.095,None
4371046,1508154896,0x3475faaff6af3e201b3d3c1d15dea6b32d892bcb3c589774dbcebdde513aeb7d,0xfbb1b73c4f0bda4f67dca266ce6ef42f520fbb98,0x390de26d772d2e2005c6d1d24afc902bae37a4bb,0,0,call,0x,0.995,None
4377367,1508248292,0xcc83c80ef22c275d7e00f310504d3688482889c1e0a3d04eb55a5d68341224bb,0xfbb1b73c4f0bda4f67dca266ce6ef42f520fbb98,0x390de26d772d2e2005c6d1d24afc902bae37a4bb,0,0,call,0x,9.995,None
4394120,1508481594,0x3e0ed5565e739997c4069063aac08613c7ec99c35dd9ffc598dc4562a7b68fac,0xfbb1b73c4f0bda4f67dca266ce6ef42f520fbb98,0x390de26d772d2e2005c6d1d24afc902bae37a4bb,0,0,call,0x,2.995,None
4395837,1508505532,0xf4997bc2e43263c42ed8dd5fca9051d78df3703f6e06177b83ab9f404865fa1e,0xfbb1b73c4f0bda4f67dca266ce6ef42f520fbb98,0x390de26d772d2e2005c6d1d24afc902bae37a4bb,0,0,call,0x,2.995,None
4612959,1511524639,0xed269d895cd65aaa45bfa671d5220e0d15ee04dda8b9db40d128d3d2cabe3491,0xfbb1b73c4f0bda4f67dca266ce6ef42f520fbb98,0x390de26d772d2e2005c6d1d24afc902bae37a4bb,0,0,call,0x,2999.998,None
4613490,1511532138,0x88696dbdfd6821ca77ee142b4d794a8b84c5baa5c93f2755f9c2a651abfe79b0,0xfbb1b73c4f0bda4f67dca266ce6ef42f520fbb98,0x390de26d772d2e2005c6d1d24afc902bae37a4bb,0,0,call,0x,1999.9979999999998,None
4614316,1511543577,0x255441075998f7e26400bb29ceee3d399f477b9b869784772223d6336431f252,0xfbb1b73c4f0bda4f67dca266ce6ef42f520fbb98,0x390de26d772d2e2005c6d1d24afc902bae37a4bb,0,0,call,0x,1999.9979999999998,None
4706386,1512880588,0xeba85cac61673c020093e48eefb16c925fb7b423f8bc66efb17c3cfcdb221c98,0xfbb1b73c4f0bda4f67dca266ce6ef42f520fbb98,0x390de26d772d2e2005c6d1d24afc902bae37a4bb,0,0,call,0x,4499.998,None
4706386,1512880588,0xe8066d3edb09b6488f35bbdbb0aad47c904e2d58d2878f8e1a81f53345c08938,0xfbb1b73c4f0bda4f67dca266ce6ef42f520fbb98,0x390de26d772d2e2005c6d1d24afc902bae37a4bb,0,0,call,0x,499.99800000000016,None
4706535,1512882870,0x96ab7f671c3ddd916a90dfca983dad605defa06f318fac9cd0e0b612422e4f5d,0xfbb1b73c4f0bda4f67dca266ce6ef42f520fbb98,0x390de26d772d2e2005c6d1d24afc902bae37a4bb,0,0,call,0x,299.998,None
4707129,1512892615,0xbb0c383af00b789fc3fddeef3e0f4cbc9a8fcc7d925ca4bb430780c2fb3902a1,0xfbb1b73c4f0bda4f67dca266ce6ef42f520fbb98,0x390de26d772d2e2005c6d1d24afc902bae37a4bb,0,0,call,0x,1999.9979999999998,None
4707578,1512898908,0xd346b5711a9cc96fee9c9d86850437f050e6a96981bd3baf4ca709455dc00848,0xfbb1b73c4f0bda4f67dca266ce6ef42f520fbb98,0x390de26d772d2e2005c6d1d24afc902bae37a4bb,0,0,call,0x,999.998,None
4730434,1513243853,0xed5a01417a7104a6d4831bf3d1fd1bd5045f4e4f15bba08f69ba7230acb78ad9,0xfbb1b73c4f0bda4f67dca266ce6ef42f520fbb98,0x390de26d772d2e2005c6d1d24afc902bae37a4bb,0,0,call,0x,2699.998,None
4731690,1513262257,0xc428aec1385cbb1d7c20154c3ffbb9181453e66f6c045cac077c8517281297e3,0xfbb1b73c4f0bda4f67dca266ce6ef42f520fbb98,0x390de26d772d2e2005c6d1d24afc902bae37a4bb,0,0,call,0x,2999.998,None
4733150,1513285247,0x3209b13f7afdd1153ebd630dfe9b9e1ccbd97acd63be1b1d3ed5c86a05a4992d,0xfbb1b73c4f0bda4f67dca266ce6ef42f520fbb98,0x390de26d772d2e2005c6d1d24afc902bae37a4bb,0,0,call,0x,3999.998,None
4734688,1513308323,0x7273fff946b26089ae130fdd6af2fbad8ec8ee201854ec5a3e84420ebe06faf9,0xfbb1b73c4f0bda4f67dca266ce6ef42f520fbb98,0x390de26d772d2e2005c6d1d24afc902bae37a4bb,0,0,call,0x,4399.998,None
4741187,1513405812,0x3ee7a719ce0d909d44f88621675ce179ad77f1024a44cf9661a71ac70783d96e,0xfbb1b73c4f0bda4f67dca266ce6ef42f520fbb98,0x390de26d772d2e2005c6d1d24afc902bae37a4bb,0,0,call,0x,3499.998,None
4746509,1513484155,0x0e8276f1cdb2189f564cfe9e45c4e4cd5c32aab0a8fd7b10f4a8d1ca0f89777c,0xfbb1b73c4f0bda4f67dca266ce6ef42f520fbb98,0x390de26d772d2e2005c6d1d24afc902bae37a4bb,0,0,call,0x,3799.998,None
4749486,1513529245,0xfabdf1bfb67ca3efbe88c716e72334ba9a084464df9b866cf4e742fc9b477496,0xfbb1b73c4f0bda4f67dca266ce6ef42f520fbb98,0x390de26d772d2e2005c6d1d24afc902bae37a4bb,0,0,call,0x,1399.9979999999994,None
4779713,1513991414,0xe4ed4aa7fd0bda3584f3fb0f9e3812b90d4244b88e8bfc44e1df47351c41d29a,0xfbb1b73c4f0bda4f67dca266ce6ef42f520fbb98,0x390de26d772d2e2005c6d1d24afc902bae37a4bb,0,0,call,0x,4999.998,None
4781057,1514011425,0x62c32261fc976202df45679c598eadf2f9731c992ab047de5b5948652980a325,0xfbb1b73c4f0bda4f67dca266ce6ef42f520fbb98,0x390de26d772d2e2005c6d1d24afc902bae37a4bb,0,0,call,0x,3499.998,None
4781551,1514018268,0x10b4f2b092cd5f642e308b1cd76c8a6571827c609bd01ddf7ae816e2ef2aa824,0xfbb1b73c4f0bda4f67dca266ce6ef42f520fbb98,0x390de26d772d2e2005c6d1d24afc902bae37a4bb,0,0,call,0x,3199.998,None
4791935,1514168137,0x1142bee5f709fba676f95c5eeb6e88587ae5bfa949136e223509f7d59930fba8,0xfbb1b73c4f0bda4f67dca266ce6ef42f520fbb98,0x390de26d772d2e2005c6d1d24afc902bae37a4bb,0,0,call,0x,5999.998000000001,None
4793195,1514186563,0xf3f42ac30d257adfe3f6d9a53df787f1e8a689083b8b7d292edffd9192bb08ea,0xfbb1b73c4f0bda4f67dca266ce6ef42f520fbb98,0x390de26d772d2e2005c6d1d24afc902bae37a4bb,0,0,call,0x,1599.9979999999994,None
4817072,1514533204,0xa926f48ab84fd7c65076c33750946bf775ba20bb349e75be78a9c4aea8c6c910,0xfbb1b73c4f0bda4f67dca266ce6ef42f520fbb98,0x390de26d772d2e2005c6d1d24afc902bae37a4bb,0,0,call,0x,2499.998,None
4848254,1514997462,0x22632b421ca5ee83a11ee4710fb6e22cefb642ade6ec443276fe972a668259b1,0xfbb1b73c4f0bda4f67dca266ce6ef42f520fbb98,0x390de26d772d2e2005c6d1d24afc902bae37a4bb,0,0,call,0x,999.998,None
4855505,1515113028,0x3aaf3fd8ca7c84e3252de37c45df5da9a70776e22b32096eb7d50cdfacbace59,0xfbb1b73c4f0bda4f67dca266ce6ef42f520fbb98,0x390de26d772d2e2005c6d1d24afc902bae37a4bb,0,0,call,0x,6999.9969999999985,None
4858065,1515154177,0x9631fb61c31b75b5f5f3b41ec6a5f991c94ec96f99fa2e2c1702cdb84992c094,0xfbb1b73c4f0bda4f67dca266ce6ef42f520fbb98,0x390de26d772d2e2005c6d1d24afc902bae37a4bb,0,0,call,0x,3999.997,None
4889192,1515650314,0x6a5825cfdbea9565143df22d198a0a5af0cf17b15808c8e3c7f72949fb872d7e,0xfbb1b73c4f0bda4f67dca266ce6ef42f520fbb98,0x390de26d772d2e2005c6d1d24afc902bae37a4bb,0,0,call,0x,6999.994000000002,None
4913079,1516028178,0x95f80cf90099ca98799eda4fc19ed3147e04eddbcfb7fa5f9587a4fa165b0bd0,0xfbb1b73c4f0bda4f67dca266ce6ef42f520fbb98,0x390de26d772d2e2005c6d1d24afc902bae37a4bb,0,0,call,0x,1499.994,None
4953126,1516637203,0xe46f17c6d0f73507abd4ac9ca0232095889dc6891de1c97f5ea03f137c555a99,0xfbb1b73c4f0bda4f67dca266ce6ef42f520fbb98,0x390de26d772d2e2005c6d1d24afc902bae37a4bb,0,0,call,0x,5999.994000000002,None
5007191,1517424682,0x520f7a6b36f00dd31c704e42b673c9f9b9ac291a6dea343d49f759e33b1b9a5b,0xfbb1b73c4f0bda4f67dca266ce6ef42f520fbb98,0x390de26d772d2e2005c6d1d24afc902bae37a4bb,0,0,call,0x,3999.994,None
5016692,1517566695,0x49831d06e75152c69aa25fe1ac9a6a4dba5b451837597745f123d12bda5e12e4,0xfbb1b73c4f0bda4f67dca266ce6ef42f520fbb98,0x390de26d772d2e2005c6d1d24afc902bae37a4bb,0,0,call,0x,4499.9940000000015,None
5022270,1517647782,0x876fe4ec90ed1ffb705246b95f9713345bda94b211c0532a494284fad29fed7f,0xfbb1b73c4f0bda4f67dca266ce6ef42f520fbb98,0x390de26d772d2e2005c6d1d24afc902bae37a4bb,0,0,call,0x,4999.9940000000015,None
5033266,1517806590,0x25eb11a5a6021a7717a0806939433e3933f73bb7a8872cdbba015adf1a990450,0xfbb1b73c4f0bda4f67dca266ce6ef42f520fbb98,0x390de26d772d2e2005c6d1d24afc902bae37a4bb,0,0,call,0x,4499.9940000000015,None
5077435,1518446694,0x0fea59f29e48fcfbb71f7cc00ed7801fa9823c638651598591091d2e973cbc9c,0xfbb1b73c4f0bda4f67dca266ce6ef42f520fbb98,0x390de26d772d2e2005c6d1d24afc902bae37a4bb,0,0,call,0x,6999.994000000002,None
5113654,1518971822,0x501e518ab91c5d5db4f5efaee1d306a64251686444cf55734efb570200d35cbf,0xfbb1b73c4f0bda4f67dca266ce6ef42f520fbb98,0x390de26d772d2e2005c6d1d24afc902bae37a4bb,0,0,call,0x,4999.9940000000015,None
5195035,1520168401,0x254353923f56123671709c6d345497ea4c799818ce3b2246290317038d3637f4,0xfbb1b73c4f0bda4f67dca266ce6ef42f520fbb98,0x390de26d772d2e2005c6d1d24afc902bae37a4bb,0,0,call,0x,3499.994,None
5201756,1520267294,0x51553a4c230f9c6fe14c2bb27069a3cca4e84affb3ec6a156783821f4ebfe848,0xfbb1b73c4f0bda4f67dca266ce6ef42f520fbb98,0x390de26d772d2e2005c6d1d24afc902bae37a4bb,0,0,call,0x,1299.994,None
5269344,1521259463,0xca5779a4e08aeaf105a4e5f4ac4c9c30c131e2929f6335ac8eb3b34c414adaab,0xfbb1b73c4f0bda4f67dca266ce6ef42f520fbb98,0x390de26d772d2e2005c6d1d24afc902bae37a4bb,0,0,call,0x,4999.9940000000015,None
5293753,1521614432,0xf1dea778978b804d446e6820c4c666958d5a32dfbb598097d1155f272b3224c1,0xfbb1b73c4f0bda4f67dca266ce6ef42f520fbb98,0x390de26d772d2e2005c6d1d24afc902bae37a4bb,0,0,call,0x,6499.994000000002,None
5310520,1521857238,0x799ec2a6e206fcd8733e0d1c0534cf07b501366bbebe4836387d4c24788987a0,0xfbb1b73c4f0bda4f67dca266ce6ef42f520fbb98,0x390de26d772d2e2005c6d1d24afc902bae37a4bb,0,0,call,0x,11999.993999999999,None
5317658,1521959055,0x6a6737afc5824401d3c00d1f6921650200b20b2c9c91d963163a0498517ec829,0xfbb1b73c4f0bda4f67dca266ce6ef42f520fbb98,0x390de26d772d2e2005c6d1d24afc902bae37a4bb,0,0,call,0x,2199.994,None
5325085,1522065543,0x51ab20bde166b1d4ac49ad43695e439ed2a42f5e7f5c91c195f186359b2baeca,0xfbb1b73c4f0bda4f67dca266ce6ef42f520fbb98,0x390de26d772d2e2005c6d1d24afc902bae37a4bb,0,0,call,0x,5999.994000000002,None
5360731,1522582753,0x8496fc0095d62263236be9972c102a0925497e44d31828b783bdac7a4f41d8c6,0xfbb1b73c4f0bda4f67dca266ce6ef42f520fbb98,0x390de26d772d2e2005c6d1d24afc902bae37a4bb,0,0,call,0x,8999.994,None
5408331,1523264372,0xb1744d2f8bf787e2cddc9523762243971e652b70fd80b1c8d039e5fe77854394,0xfbb1b73c4f0bda4f67dca266ce6ef42f520fbb98,0x390de26d772d2e2005c6d1d24afc902bae37a4bb,0,0,call,0x,3999.994,None
5420506,1523438592,0x5dba05c6221cdf17ec8639cbe70a260b6fc279ec3b348c6a9d0a2b274b68c165,0xfbb1b73c4f0bda4f67dca266ce6ef42f520fbb98,0x390de26d772d2e2005c6d1d24afc902bae37a4bb,0,0,call,0x,6999.994000000002,None
5449723,1523864627,0x6ce5daf5a1339999c367532e70954e5163267698d6eef5552bd7e7923d624777,0x390de26d772d2e2005c6d1d24afc902bae37a4bb,0xc5b0f34daaa9182486c830ed0f15807ef8577372,0,0,call,0x,0.99,None
5454490,1523933934,0x06cea1518faf79cd3c9531529d141b8cc2b653be2103e365046be7846c11cc5e,0xfbb1b73c4f0bda4f67dca266ce6ef42f520fbb98,0x390de26d772d2e2005c6d1d24afc902bae37a4bb,0,0,call,0x,6999.994000000002,None
5461490,1524038507,0xb6d4544b3a638429c88d53d14bebd073e39a17a70bd6ca169108134e046af560,0xfbb1b73c4f0bda4f67dca266ce6ef42f520fbb98,0x390de26d772d2e2005c6d1d24afc902bae37a4bb,0,0,call,0x,6499.994000000002,None
5474255,1524229542,0x280d80f4d13bbfe725406db21f2d204d1c2374f33d9fc10a4a50d4aee4f7ec78,0xfbb1b73c4f0bda4f67dca266ce6ef42f520fbb98,0x390de26d772d2e2005c6d1d24afc902bae37a4bb,0,0,call,0x,2299.994,None
5478162,1524287108,0x50c4d9c0751af36fe9246a8ba29e7b67811fa64b47f2fcd3d0a6b27505524ad4,0xfbb1b73c4f0bda4f67dca266ce6ef42f520fbb98,0x390de26d772d2e2005c6d1d24afc902bae37a4bb,0,0,call,0x,4999.9940000000015,None
5484924,1524387316,0xedf56d412739b521bf38aab9b65cffa691da0c8c1e8c6d771f9846914ff349eb,0xfbb1b73c4f0bda4f67dca266ce6ef42f520fbb98,0x390de26d772d2e2005c6d1d24afc902bae37a4bb,0,0,call,0x,4499.9940000000015,None
5489250,1524449792,0xb77cceaf08c5ed7ca49aa002e0c841c07a31654d452a630a388551e978571ddc,0xfbb1b73c4f0bda4f67dca266ce6ef42f520fbb98,0x390de26d772d2e2005c6d1d24afc902bae37a4bb,0,0,call,0x,3199.994,None
5491063,1524476805,0xe2d173908ef534f924fb362b22255eee4c07fb7ae5c661a835943d7e75f47c6e,0x390de26d772d2e2005c6d1d24afc902bae37a4bb,0x59f6992e185d62d57036ca4b82465e9e5c3a8f32,0,0,call,0x,2.1985322,None
5514743,1524831319,0x3045ae1a2f7ff330eb7d57fe94f876e9deea58942d4457f619b4c688a899e2ea,0xfbb1b73c4f0bda4f67dca266ce6ef42f520fbb98,0x390de26d772d2e2005c6d1d24afc902bae37a4bb,0,0,call,0x,5299.9940000000015,None
5520372,1524915528,0x4d38331136f3b3454ada8c7412c9f0b4305ae22f90345e0f28c4538d4d0eb634,0xfbb1b73c4f0bda4f67dca266ce6ef42f520fbb98,0x390de26d772d2e2005c6d1d24afc902bae37a4bb,0,0,call,0x,4299.9940000000015,None
5525603,1524993596,0xbe06a35b31a15500b94bcf965d59ad8eb075b1ae330090db0c7c61d2e1f6ebac,0xfbb1b73c4f0bda4f67dca266ce6ef42f520fbb98,0x390de26d772d2e2005c6d1d24afc902bae37a4bb,0,0,call,0x,4999.9940000000015,None
5530728,1525070463,0x92067a099a382f7fb13c2a1c5ac5803019cdb1237432971bd3a0fb890d8b0d7b,0xfbb1b73c4f0bda4f67dca266ce6ef42f520fbb98,0x390de26d772d2e2005c6d1d24afc902bae37a4bb,0,0,call,0x,6499.994000000002,None
5531643,1525084114,0xec813c38b647dc4957920d43cdf2ece987f5d0d02d6b3d95b362f2e7e340aa41,0xfbb1b73c4f0bda4f67dca266ce6ef42f520fbb98,0x390de26d772d2e2005c6d1d24afc902bae37a4bb,0,0,call,0x,4499.9940000000015,None
5541985,1525241233,0x5c8328d34665de8c628e8f4182b601368308ee824374f3e638bf16309a088f11,0xfbb1b73c4f0bda4f67dca266ce6ef42f520fbb98,0x390de26d772d2e2005c6d1d24afc902bae37a4bb,0,0,call,0x,3299.994,None
5542857,1525254941,0xc6454bee880deb8d94ba0462692e4a69d37c82518d657cb4c07774fe9af96448,0xfbb1b73c4f0bda4f67dca266ce6ef42f520fbb98,0x390de26d772d2e2005c6d1d24afc902bae37a4bb,0,0,call,0x,1999.994,None
5547276,1525322195,0x9af90a4e54d4002aeddaac076a23297aa4a64ba6b0271302964ec63193120631,0xfbb1b73c4f0bda4f67dca266ce6ef42f520fbb98,0x390de26d772d2e2005c6d1d24afc902bae37a4bb,0,0,call,0x,5999.994000000002,None
5548368,1525339106,0x29ef453970845ff107eb618e70c3502503427d234836500238af6529118adab1,0xfbb1b73c4f0bda4f67dca266ce6ef42f520fbb98,0x390de26d772d2e2005c6d1d24afc902bae37a4bb,0,0,call,0x,1499.994,None
5550789,1525375833,0x2c4b5b6788d31eb0d556dfba791e31a0736aba1e51180b5ebfca112a7f995a8b,0xfbb1b73c4f0bda4f67dca266ce6ef42f520fbb98,0x390de26d772d2e2005c6d1d24afc902bae37a4bb,0,0,call,0x,1899.994,None
5560084,1525516963,0xa86d6094b99914b9fc71f84082993d88ba49c578d36a6f2cba3c2dc4d7da5daf,0xfbb1b73c4f0bda4f67dca266ce6ef42f520fbb98,0x390de26d772d2e2005c6d1d24afc902bae37a4bb,0,0,call,0x,4999.9940000000015,None
5582066,1525846403,0xf87347e4acb120c83a4a6096e495c9febcaa9611fa59ceef686960bfe3ff29ea,0xfbb1b73c4f0bda4f67dca266ce6ef42f520fbb98,0x390de26d772d2e2005c6d1d24afc902bae37a4bb,0,0,call,0x,6999.994000000002,None
5584728,1525886701,0x7f0e7a72434f5d2f6acb75eed7a0cc867274f22c1382b33155e7e975ccb9f0cf,0xfbb1b73c4f0bda4f67dca266ce6ef42f520fbb98,0x390de26d772d2e2005c6d1d24afc902bae37a4bb,0,0,call,0x,4999.9940000000015,None
5590096,1525968093,0x2ab96239bff70136e46687bf0f2608e0443e4723c7952bed6fa87e08dd900118,0xfbb1b73c4f0bda4f67dca266ce6ef42f520fbb98,0x390de26d772d2e2005c6d1d24afc902bae37a4bb,0,0,call,0x,4999.9940000000015,None
5594092,1526028133,0x586f9c1f75b442e13538233bd550147417024e1b485e46df958398555bf03bcf,0xfbb1b73c4f0bda4f67dca266ce6ef42f520fbb98,0x390de26d772d2e2005c6d1d24afc902bae37a4bb,0,0,call,0x,12999.993999999999,None
5594761,1526038901,0xa35baed6c4b26c81cae46c52afba14160b1071e873b55feccddf632c69de0d5d,0xfbb1b73c4f0bda4f67dca266ce6ef42f520fbb98,0x390de26d772d2e2005c6d1d24afc902bae37a4bb,0,0,call,0x,9999.994,None
5596548,1526065629,0xba7045ee948d5e96fb5b73c7f30ace804ee17974ce708210434734ff7eb484ff,0xfbb1b73c4f0bda4f67dca266ce6ef42f520fbb98,0x390de26d772d2e2005c6d1d24afc902bae37a4bb,0,0,call,0x,1499.994,None
5599748,1526113385,0x6bc34665983831eaca7e79a6dbd6c43ccba3d7e7c8702dbb8af2d6779201c1c4,0xfbb1b73c4f0bda4f67dca266ce6ef42f520fbb98,0x390de26d772d2e2005c6d1d24afc902bae37a4bb,0,0,call,0x,12499.994,None
5606156,1526209943,0xed6de8a884549330fe041d35ced2fb70e3ab36f199c27064579e504aecef9e66,0xfbb1b73c4f0bda4f67dca266ce6ef42f520fbb98,0x390de26d772d2e2005c6d1d24afc902bae37a4bb,0,0,call,0x,3499.994,None
5618546,1526397622,0xc860218b402ecf73acab38e0485b8609403e1d10c54dc0ab5a12e568eccffb94,0xfbb1b73c4f0bda4f67dca266ce6ef42f520fbb98,0x390de26d772d2e2005c6d1d24afc902bae37a4bb,0,0,call,0x,7999.994000000002,None
5623734,1526476354,0x4975f8ed75d054c101b24f941343b12f55c1cfdd7800b525315f25be86963d5d,0xfbb1b73c4f0bda4f67dca266ce6ef42f520fbb98,0x390de26d772d2e2005c6d1d24afc902bae37a4bb,0,0,call,0x,3999.994,None
5691922,1527519166,0x4bf2187c59913fa28e9bcd01354da25da3bafc3c517d989ccde2d389f85e7961,0xfbb1b73c4f0bda4f67dca266ce6ef42f520fbb98,0x390de26d772d2e2005c6d1d24afc902bae37a4bb,0,0,call,0x,3999.994,None
5790529,1529025895,0x08c793108263975cc18dfbea8a53def92a9c96082b8d931bf49a03cbf0a1a999,0xfbb1b73c4f0bda4f67dca266ce6ef42f520fbb98,0x390de26d772d2e2005c6d1d24afc902bae37a4bb,0,0,call,0x,13999.993999999999,None
5798241,1529141068,0x323bc2dfacd90ad4b0d2481fb55108dea65c78837066e0f14794c42925615466,0xfbb1b73c4f0bda4f67dca266ce6ef42f520fbb98,0x390de26d772d2e2005c6d1d24afc902bae37a4bb,0,0,call,0x,3999.994,None
5823027,1529505862,0x0f2326573d792be0f211e410e7a814bc02c34d3fef118cb9d466f65849d36042,0xfbb1b73c4f0bda4f67dca266ce6ef42f520fbb98,0x390de26d772d2e2005c6d1d24afc902bae37a4bb,0,0,call,0x,3499.994,None
5899026,1530632128,0xb3f97f914e7d6a13eb6f7270fdf34413f7203cf60aa76c2b6135dd91e66262c9,0xfbb1b73c4f0bda4f67dca266ce6ef42f520fbb98,0x390de26d772d2e2005c6d1d24afc902bae37a4bb,0,0,call,0x,11499.994,None
3866611,1497364257,0x998f4304df77e681f314e384987fd228f207f135972acdd8f5f19c744e32b1a4,0xfbb1b73c4f0bda4f67dca266ce6ef42f520fbb98,0x7071f121c038a98f8a7d485648a27fcd48891ba8,0,0,call,0x,21.999000000000002,None
3866649,1497365029,0x5aa9e15312121a9ae7ba6c9a25d4c97f36f650d067b24f0286ab1982d0eab3ba,0xfbb1b73c4f0bda4f67dca266ce6ef42f520fbb98,0x7071f121c038a98f8a7d485648a27fcd48891ba8,0,0,call,0x,11.09509951,None
3866684,1497365782,0xab3d939a8f06f995fa30afe38f8457a1048f759d751c2715a344cb9d1f6f224d,0xfbb1b73c4f0bda4f67dca266ce6ef42f520fbb98,0x7071f121c038a98f8a7d485648a27fcd48891ba8,0,0,call,0x,10.61618758,None
3866695,1497366032,0x7c755cbd929a3c29868423521f9e99f97f0e73ff05667834ed3a4ccd8ab645ea,0xfbb1b73c4f0bda4f67dca266ce6ef42f520fbb98,0x7071f121c038a98f8a7d485648a27fcd48891ba8,0,0,call,0x,17.16405834,None
3866699,1497366090,0x355174edda7a5291f929fc7ec8fb4ed99ebc02e4cf2d0dc0a2a4c6859ce703a2,0xfbb1b73c4f0bda4f67dca266ce6ef42f520fbb98,0x7071f121c038a98f8a7d485648a27fcd48891ba8,0,0,call,0x,8.21128185,None
3866761,1497367062,0x7da9ea7f449aba05775111380b665d76b5619dbf23d28d933f5cc73d1485afbf,0xfbb1b73c4f0bda4f67dca266ce6ef42f520fbb98,0x7071f121c038a98f8a7d485648a27fcd48891ba8,0,0,call,0x,19.34208448,None
3866812,1497367902,0x19c47fddf215d42c175272b0da066c0a634ed6f385062839c76bb3e310651985,0xfbb1b73c4f0bda4f67dca266ce6ef42f520fbb98,0x7071f121c038a98f8a7d485648a27fcd48891ba8,0,0,call,0x,20.356393110000006,None
3866878,1497369085,0xcdb847f229852dd9115c4ac7be97a269bf77e49da65684b35f988e592af63bfe,0xfbb1b73c4f0bda4f67dca266ce6ef42f520fbb98,0x7071f121c038a98f8a7d485648a27fcd48891ba8,0,0,call,0x,14.93444252,None
3866903,1497369420,0x8fd2917298b022e3b9cfe2dad8d2a10c3aea068046e9193bd6410cd85e35d97f,0xfbb1b73c4f0bda4f67dca266ce6ef42f520fbb98,0x7071f121c038a98f8a7d485648a27fcd48891ba8,0,0,call,0x,8.0174998,None
3867032,1497371370,0xbe662b58e9a24fdc3b2e27dc727b796e90c5989d65cc84a402dc8e7a177457a1,0xfbb1b73c4f0bda4f67dca266ce6ef42f520fbb98,0x7071f121c038a98f8a7d485648a27fcd48891ba8,0,0,call,0x,12.80995447,None
3867078,1497372276,0x2935bdc48320606bad848df0344c26b18632b6e368a9ed8d50137aba3c63b64f,0xfbb1b73c4f0bda4f67dca266ce6ef42f520fbb98,0x7071f121c038a98f8a7d485648a27fcd48891ba8,0,0,call,0x,20.77308682,None
3867207,1497374405,0x0d2e493e0245fec472ee1bba38b3c930f54eb9ac23b4f2604bb5e89618ef0cbd,0xfbb1b73c4f0bda4f67dca266ce6ef42f520fbb98,0x7071f121c038a98f8a7d485648a27fcd48891ba8,0,0,call,0x,21.22395125,None
3867265,1497375382,0x6c46748775ab23b8b08c4e84ca14c94441398b76a5958fe44fd4d5193fed0f8a,0xfbb1b73c4f0bda4f67dca266ce6ef42f520fbb98,0x7071f121c038a98f8a7d485648a27fcd48891ba8,0,0,call,0x,8.15373596,None
3867319,1497376196,0x420bce1d5f76d363dd5effb24c0cf17fe64c5ae8ace34d1bf607994b04ce2b4f,0xfbb1b73c4f0bda4f67dca266ce6ef42f520fbb98,0x7071f121c038a98f8a7d485648a27fcd48891ba8,0,0,call,0x,19.62522425,None
3867349,1497376563,0x476db4500adc9bae1338d19e8e66dd010183e6fb0fc7e1ec2660e0dcb4c9c00d,0xfbb1b73c4f0bda4f67dca266ce6ef42f520fbb98,0x7071f121c038a98f8a7d485648a27fcd48891ba8,0,0,call,0x,19.01057454,None
3867401,1497377615,0x614e1a1722fdc636d1f372fd204acc45ca6cea043f0f6fc50115f32f9cddbb02,0xfbb1b73c4f0bda4f67dca266ce6ef42f520fbb98,0x7071f121c038a98f8a7d485648a27fcd48891ba8,0,0,call,0x,10.48768208,None
3867447,1497378292,0x104bc2b670b270c195ada3207a7ed69411897852e5f34b5379df77f52318d57a,0xfbb1b73c4f0bda4f67dca266ce6ef42f520fbb98,0x7071f121c038a98f8a7d485648a27fcd48891ba8,0,0,call,0x,21.128007420000007,None
3867500,1497378872,0x1b1dabc03356670d8119dbdd06626e03fc2303b4a300489b0dd8c4490fe3cf05,0xfbb1b73c4f0bda4f67dca266ce6ef42f520fbb98,0x7071f121c038a98f8a7d485648a27fcd48891ba8,0,0,call,0x,17.48469985,None
3867517,1497379143,0xbc8b02b6fa885f015f4a8b9d701df58f1a113f51bc2e87024d43157c38330c6d,0xfbb1b73c4f0bda4f67dca266ce6ef42f520fbb98,0x7071f121c038a98f8a7d485648a27fcd48891ba8,0,0,call,0x,8.86866137,None
3867595,1497380307,0xa37333a64a0ab0485ff339fa2fbe898b0c13b0c0c9d79231a47cd010497558f1,0xfbb1b73c4f0bda4f67dca266ce6ef42f520fbb98,0x7071f121c038a98f8a7d485648a27fcd48891ba8,0,0,call,0x,15.64779106,None
3867615,1497380803,0x62748db9308ce81530472b547054cba1f47c68902ff787cc0ba8a4366a2a2d5d,0xfbb1b73c4f0bda4f67dca266ce6ef42f520fbb98,0x7071f121c038a98f8a7d485648a27fcd48891ba8,0,0,call,0x,15.0600763,None
3867635,1497381111,0x28797b14cd15ace967a831cd626b1755ccec1780ed5b45e3ba952e4dc8319830,0xfbb1b73c4f0bda4f67dca266ce6ef42f520fbb98,0x7071f121c038a98f8a7d485648a27fcd48891ba8,0,0,call,0x,8.782811500000001,None
3867663,1497381679,0x66328c02b78129e150ba3b157e3ac33337b10727485922079b5a21f69489a965,0xfbb1b73c4f0bda4f67dca266ce6ef42f520fbb98,0x7071f121c038a98f8a7d485648a27fcd48891ba8,0,0,call,0x,9.40979798,None
3867681,1497381918,0xfb9eb6094e0833dadc9362fef52cebba1dbbb8374c10a3347e15405c302b2c08,0xfbb1b73c4f0bda4f67dca266ce6ef42f520fbb98,0x7071f121c038a98f8a7d485648a27fcd48891ba8,0,0,call,0x,12.592636599999999,None
3867727,1497382620,0xbea321f70123f8cf8042147b0b387abd9980da1f0bdff94daf63041b5b45d56c,0xfbb1b73c4f0bda4f67dca266ce6ef42f520fbb98,0x7071f121c038a98f8a7d485648a27fcd48891ba8,0,0,call,0x,8.3327224,None
3867760,1497383028,0x71f02fda7ebd6e77869458ee5e1728a8c36bd935e82365501d89bf32af53b509,0xfbb1b73c4f0bda4f67dca266ce6ef42f520fbb98,0x7071f121c038a98f8a7d485648a27fcd48891ba8,0,0,call,0x,10.86454506,None
3867771,1497383202,0xd61cefd316f1444f486efd66ef0426b1df8047747457fc32d8092b0a4ebd7716,0xfbb1b73c4f0bda4f67dca266ce6ef42f520fbb98,0x7071f121c038a98f8a7d485648a27fcd48891ba8,0,0,call,0x,25.91040186,None
3867807,1497383803,0xc63a13370a647d741ed8f3d0c9e09757fd5b46e6b620debc17d010c8ccb1394c,0xfbb1b73c4f0bda4f67dca266ce6ef42f520fbb98,0x7071f121c038a98f8a7d485648a27fcd48891ba8,0,0,call,0x,8.52608126,None
3867862,1497384611,0xc64c6610978494de3df23cd37834394b31b3702ad377410be8b5f91c634229d1,0xfbb1b73c4f0bda4f67dca266ce6ef42f520fbb98,0x7071f121c038a98f8a7d485648a27fcd48891ba8,0,0,call,0x,22.77409221,None
3867889,1497384985,0xc177b360382540a34cb2aeb6ce328918cd7c9864d6832687e67ab662d5cfcf84,0xfbb1b73c4f0bda4f67dca266ce6ef42f520fbb98,0x7071f121c038a98f8a7d485648a27fcd48891ba8,0,0,call,0x,8.60787115,None
3867949,1497385943,0x183b586e95a67516c1ac00c19573a05788e034448a8e436e8cbaec89cb5ad806,0xfbb1b73c4f0bda4f67dca266ce6ef42f520fbb98,0x7071f121c038a98f8a7d485648a27fcd48891ba8,0,0,call,0x,10.55469133,None
3867994,1497386557,0x78056a9f077702d36c923e2c3b5ee15146e4537aa3579584756df0ec32c50c9d,0xfbb1b73c4f0bda4f67dca266ce6ef42f520fbb98,0x7071f121c038a98f8a7d485648a27fcd48891ba8,0,0,call,0x,8.62041812,None
3868055,1497387732,0x2f77fabf4483a71711c21d728d4f5f7def38252fd6be0bae59ac85198c42fecb,0xfbb1b73c4f0bda4f67dca266ce6ef42f520fbb98,0x7071f121c038a98f8a7d485648a27fcd48891ba8,0,0,call,0x,13.08011467,None
3868072,1497387988,0x82cac054e23ad68d25dd5e7600782dbe2acc4de575cabf93fdf0e21fc9b17587,0xfbb1b73c4f0bda4f67dca266ce6ef42f520fbb98,0x7071f121c038a98f8a7d485648a27fcd48891ba8,0,0,call,0x,15.63028762,None
3868113,1497388788,0x034d34ee173b9199cbdbe47f03010a7a7c061340e187ef700be35a9806edc90e,0xfbb1b73c4f0bda4f67dca266ce6ef42f520fbb98,0x7071f121c038a98f8a7d485648a27fcd48891ba8,0,0,call,0x,8.06216586,None
3868130,1497389118,0xb79601cd7de153ee006d071b212ac171c2e6cacc85f7e97f8a72aa817869e47f,0xfbb1b73c4f0bda4f67dca266ce6ef42f520fbb98,0x7071f121c038a98f8a7d485648a27fcd48891ba8,0,0,call,0x,13.17544651,None
3868146,1497389397,0x4d003eb6a0dc57e24d7569e8a1e047804e9807aca7ee5a14df148d53c312c6d7,0xfbb1b73c4f0bda4f67dca266ce6ef42f520fbb98,0x7071f121c038a98f8a7d485648a27fcd48891ba8,0,0,call,0x,10.01534761,None
3868202,1497390346,0xb0aeb86d345ce8662af93d78d1fdc2c48eea554ce11606d8a92d841a14ed2a5d,0xfbb1b73c4f0bda4f67dca266ce6ef42f520fbb98,0x7071f121c038a98f8a7d485648a27fcd48891ba8,0,0,call,0x,8.48781227,None
3868402,1497393718,0x237bc4476fd7a4e02b169217cd2b5313124c4e73b3ef24302b7735cc2c5db97c,0xfbb1b73c4f0bda4f67dca266ce6ef42f520fbb98,0x7071f121c038a98f8a7d485648a27fcd48891ba8,0,0,call,0x,12.7690375,None
3868439,1497394226,0x4b0efdb3d4e809b3be510ba7e3acb8b18f7ee595b0d6e4d0b01a2420d5c965a5,0xfbb1b73c4f0bda4f67dca266ce6ef42f520fbb98,0x7071f121c038a98f8a7d485648a27fcd48891ba8,0,0,call,0x,14.71582376,None
3868469,1497394595,0x8f2b0342d9a9ae69a4cd4f12ea0d9f181f2143336733011d5efa80d4bc4a5f00,0xfbb1b73c4f0bda4f67dca266ce6ef42f520fbb98,0x7071f121c038a98f8a7d485648a27fcd48891ba8,0,0,call,0x,49.19255616,None
3868573,1497396311,0x3e543bc5ef3382fcc68de7ec28cf3ccdf49d02393170bb49d7b5558990c97947,0xfbb1b73c4f0bda4f67dca266ce6ef42f520fbb98,0x7071f121c038a98f8a7d485648a27fcd48891ba8,0,0,call,0x,13.85725561,None
3868655,1497397629,0x9c8e2b7f3304962e855e37fb4951e64776fb163bd0caa06d9146c92af5cd79cf,0xfbb1b73c4f0bda4f67dca266ce6ef42f520fbb98,0x7071f121c038a98f8a7d485648a27fcd48891ba8,0,0,call,0x,8.16992831,None
3869553,1497412004,0x4035f14a1997e360950229155277e062c86a74b96f04297f9fedb5f09c9a5baa,0xfbb1b73c4f0bda4f67dca266ce6ef42f520fbb98,0x7071f121c038a98f8a7d485648a27fcd48891ba8,0,0,call,0x,9.16942488,None
3869694,1497414333,0xfdc6519553076b625255215a03d479fd58a9c22c71580bc30d869864ec2c6257,0xfbb1b73c4f0bda4f67dca266ce6ef42f520fbb98,0x7071f121c038a98f8a7d485648a27fcd48891ba8,0,0,call,0x,9.24522369,None
3869819,1497416213,0xd49e0e2fa6ef055b794d93c9f7701103a3e47d6db34e9931a457ffdcfcba368e,0xfbb1b73c4f0bda4f67dca266ce6ef42f520fbb98,0x7071f121c038a98f8a7d485648a27fcd48891ba8,0,0,call,0x,8.10183874,None
3870068,1497420140,0xe31f10d9774df69753288cbb805ac2533935c52415b1c36c7461dffaf2341b95,0xfbb1b73c4f0bda4f67dca266ce6ef42f520fbb98,0x7071f121c038a98f8a7d485648a27fcd48891ba8,0,0,call,0x,8.43131103,None
3870127,1497421201,0x337613f6e32baee063e406e48aa88563325dd6970567b147c62e5dbf7096a3df,0xfbb1b73c4f0bda4f67dca266ce6ef42f520fbb98,0x7071f121c038a98f8a7d485648a27fcd48891ba8,0,0,call,0x,8.64549801,None
3870189,1497422119,0x8ca242eebea226573a0a4c3d8e8ba4c8ff29ea2bbf17014cae9fce1d55661e3a,0xfbb1b73c4f0bda4f67dca266ce6ef42f520fbb98,0x7071f121c038a98f8a7d485648a27fcd48891ba8,0,0,call,0x,55.54032007,None
3870236,1497422898,0xea7b15e498338d0709ad0d6c03ba94f6d003a58c067255c0fa65dca165cd117a,0xfbb1b73c4f0bda4f67dca266ce6ef42f520fbb98,0x7071f121c038a98f8a7d485648a27fcd48891ba8,0,0,call,0x,10.69440359,None
3870315,1497424419,0x3b4682d777783161849bf3bb080784fde7de241c40fd3a26e2ec7f038e01cec2,0xfbb1b73c4f0bda4f67dca266ce6ef42f520fbb98,0x7071f121c038a98f8a7d485648a27fcd48891ba8,0,0,call,0x,12.96157389,None
3870348,1497424973,0xc4e1460a917d3ef589d63dba4ca5f270d4c9ee294fc63ffc97704fae8e11b7c9,0xfbb1b73c4f0bda4f67dca266ce6ef42f520fbb98,0x7071f121c038a98f8a7d485648a27fcd48891ba8,0,0,call,0x,8.34494417,None
3870396,1497425827,0x5c7ad275a64e6cc00fec25d46ede2361d669ac8e1188b293823fb928e9e9c073,0xfbb1b73c4f0bda4f67dca266ce6ef42f520fbb98,0x7071f121c038a98f8a7d485648a27fcd48891ba8,0,0,call,0x,8.6372784,None
3870439,1497426549,0x711027e33c9742ef1f4e895a6566d297c746d93a8c3de445e80cf97991dbb810,0xfbb1b73c4f0bda4f67dca266ce6ef42f520fbb98,0x7071f121c038a98f8a7d485648a27fcd48891ba8,0,0,call,0x,28.92935383,None
3870493,1497427277,0x23a8c4146edef5e93cb5d699aa8190b1837667803f5888ec7b97440652efbdbf,0xfbb1b73c4f0bda4f67dca266ce6ef42f520fbb98,0x7071f121c038a98f8a7d485648a27fcd48891ba8,0,0,call,0x,12.13351169,None
3870552,1497428247,0xf644ae3845c2d8c62901be19d466f5fedb29ee6df1bd1afbba5d2df9a552878a,0xfbb1b73c4f0bda4f67dca266ce6ef42f520fbb98,0x7071f121c038a98f8a7d485648a27fcd48891ba8,0,0,call,0x,10.78005858,None
3870640,1497429901,0xbfd8dcd0b6c4b3526293a201f0a1a7fd995c3b1dee439191ae0f3c0146dca3c3,0xfbb1b73c4f0bda4f67dca266ce6ef42f520fbb98,0x7071f121c038a98f8a7d485648a27fcd48891ba8,0,0,call,0x,8.48508492,None
3870672,1497430313,0x07bf0d397ebc9b3cb3332069a24284b0e688d5c4cf477e3625b3a949a0f66272,0xfbb1b73c4f0bda4f67dca266ce6ef42f520fbb98,0x7071f121c038a98f8a7d485648a27fcd48891ba8,0,0,call,0x,8.1568945,None
3870702,1497430913,0x675e4a7db0a39180b59ad3a9ed331c91b854ce74294dc2029029dd9cd66d51e2,0xfbb1b73c4f0bda4f67dca266ce6ef42f520fbb98,0x7071f121c038a98f8a7d485648a27fcd48891ba8,0,0,call,0x,9.49619608,None
3870741,1497431639,0x1a3918d3e57b6e925effbe6cae4defbb36611b7d7d26081262f0756fbd9be07b,0xfbb1b73c4f0bda4f67dca266ce6ef42f520fbb98,0x7071f121c038a98f8a7d485648a27fcd48891ba8,0,0,call,0x,8.12947534,None
3870776,1497432229,0xcc6e885b82b12f429ab8fbe8908a7d205b19d1f9dacd15fc481c3d401bdbf186,0xfbb1b73c4f0bda4f67dca266ce6ef42f520fbb98,0x7071f121c038a98f8a7d485648a27fcd48891ba8,0,0,call,0x,9.69373692,None
3870883,1497434200,0x7d9b8ee24664715379decd57f58f4a3113a3b94758c0dd1ad27e15eddbbd691f,0xfbb1b73c4f0bda4f67dca266ce6ef42f520fbb98,0x7071f121c038a98f8a7d485648a27fcd48891ba8,0,0,call,0x,10.07407159,None
3870956,1497435448,0xa15723cc8e181c2829a5e8d024bb7925eb7ec48cc7a5a1409b92801e1afea523,0xfbb1b73c4f0bda4f67dca266ce6ef42f520fbb98,0x7071f121c038a98f8a7d485648a27fcd48891ba8,0,0,call,0x,28.99841369,None
3870997,1497436327,0xbbea130673b0431f4c581458b284cb169f5bf63737190e7e88af586c9558f1ae,0xfbb1b73c4f0bda4f67dca266ce6ef42f520fbb98,0x7071f121c038a98f8a7d485648a27fcd48891ba8,0,0,call,0x,11.2886066,None
3871106,1497438216,0x2bb0499014bd5e1acd93790116222aa535287551b557579523526741d8da63a5,0xfbb1b73c4f0bda4f67dca266ce6ef42f520fbb98,0x7071f121c038a98f8a7d485648a27fcd48891ba8,0,0,call,0x,8.72578002,None
3871162,1497439062,0x5c84152b4c674ae993cdd01cb7913173ef3c4d155e6cc2c7fe91154e7bb31d3a,0xfbb1b73c4f0bda4f67dca266ce6ef42f520fbb98,0x7071f121c038a98f8a7d485648a27fcd48891ba8,0,0,call,0x,10.14088067,None
3871192,1497439567,0x97ad93455a235b8ec55128d9e533c80d11e4c17287fa193962caa3f761dab9aa,0xfbb1b73c4f0bda4f67dca266ce6ef42f520fbb98,0x7071f121c038a98f8a7d485648a27fcd48891ba8,0,0,call,0x,8.9513974,None
3871255,1497440430,0xb7bcb5a8da38e3a69f053490edb8009bdcd480d0982d464a5a277d519e161394,0xfbb1b73c4f0bda4f67dca266ce6ef42f520fbb98,0x7071f121c038a98f8a7d485648a27fcd48891ba8,0,0,call,0x,10.33845819,None
3871275,1497440889,0x522796000f8e898a1ddd89f4f582dd20bea844c88c5219d1c7483eb1aa41f39f,0xfbb1b73c4f0bda4f67dca266ce6ef42f520fbb98,0x7071f121c038a98f8a7d485648a27fcd48891ba8,0,0,call,0x,27.376179980000003,None
3871483,1497443792,0x805b73564b6f602ca7ff46f3c3fff25828b01d3a5474e843338fe32871e07725,0xfbb1b73c4f0bda4f67dca266ce6ef42f520fbb98,0x7071f121c038a98f8a7d485648a27fcd48891ba8,0,0,call,0x,9.62045094,None
3871558,1497445062,0xcaa029d2a1d079c637f1e9e3d6ad016d2afbd088d51421d614d08fd7d4706d6d,0xfbb1b73c4f0bda4f67dca266ce6ef42f520fbb98,0x7071f121c038a98f8a7d485648a27fcd48891ba8,0,0,call,0x,9.40709675,None
3871586,1497445511,0x7580720d292269ce432b25f4ab765fdc8e2497455058871c3b079bee7d58dc8f,0xfbb1b73c4f0bda4f67dca266ce6ef42f520fbb98,0x7071f121c038a98f8a7d485648a27fcd48891ba8,0,0,call,0x,13.48229186,None
3871693,1497446992,0xed80908d7dbcd1218636917e6302f9784d42d716646e3a90befb4cb1475d1db0,0xfbb1b73c4f0bda4f67dca266ce6ef42f520fbb98,0x7071f121c038a98f8a7d485648a27fcd48891ba8,0,0,call,0x,10.9136992,None
3871827,1497449159,0x8b90383a66fb5d3f22026fc529c3d0e48d9b4abbe6fda5429e9493c47573f4d5,0xfbb1b73c4f0bda4f67dca266ce6ef42f520fbb98,0x7071f121c038a98f8a7d485648a27fcd48891ba8,0,0,call,0x,10.379163750000002,None
3871930,1497450593,0x863c89bbfccc0a333ad6cc29347118ecaf517d4196f3298b7ee5a8332a48cbcd,0xfbb1b73c4f0bda4f67dca266ce6ef42f520fbb98,0x7071f121c038a98f8a7d485648a27fcd48891ba8,0,0,call,0x,38.90810707999999,None
3871943,1497450756,0x3f888c64f81ea2cda57f60e6571589e6221301cd455f131f9952f87a007bbae1,0xfbb1b73c4f0bda4f67dca266ce6ef42f520fbb98,0x7071f121c038a98f8a7d485648a27fcd48891ba8,0,0,call,0x,23.70999973,None
3872016,1497452095,0x22a342691cde4f96e34082869cbcc26adf9c03a14632c9304cc5f4c93bb481d9,0xfbb1b73c4f0bda4f67dca266ce6ef42f520fbb98,0x7071f121c038a98f8a7d485648a27fcd48891ba8,0,0,call,0x,9.26494694,None
3872058,1497452949,0x644148367578b999961a9f21b3ddd551246a5366c35d6c57607643f257de8d67,0xfbb1b73c4f0bda4f67dca266ce6ef42f520fbb98,0x7071f121c038a98f8a7d485648a27fcd48891ba8,0,0,call,0x,10.05325499,None
3872089,1497453465,0xc947f0603597d4b560f1bfdebf64e14ba9b21a43dcae4621980e7aa891a00ce1,0xfbb1b73c4f0bda4f67dca266ce6ef42f520fbb98,0x7071f121c038a98f8a7d485648a27fcd48891ba8,0,0,call,0x,12.23596272,None
3872130,1497454333,0xa3f9eb3d978d6d58c5dc1ba9efe216c3cb44a3898c77be8e0c17b0edff2127d0,0xfbb1b73c4f0bda4f67dca266ce6ef42f520fbb98,0x7071f121c038a98f8a7d485648a27fcd48891ba8,0,0,call,0x,10.00499075,None
3872215,1497455513,0xaf47d665d2df85a2dcfb8ccfe1921ad1871368bc7aad83ccf2b10a5a593a24ca,0xfbb1b73c4f0bda4f67dca266ce6ef42f520fbb98,0x7071f121c038a98f8a7d485648a27fcd48891ba8,0,0,call,0x,12.44330838,None
3872328,1497457358,0xa8b417591c66be1654d65067ed56afc76fbbb2f2243856d993b588af32599972,0xfbb1b73c4f0bda4f67dca266ce6ef42f520fbb98,0x7071f121c038a98f8a7d485648a27fcd48891ba8,0,0,call,0x,10.39829204,None
3872391,1497458534,0x027f5dbdfa67b5a3f94f8237a8d19be2a54828c16036382db0661ca2de0768cd,0xfbb1b73c4f0bda4f67dca266ce6ef42f520fbb98,0x7071f121c038a98f8a7d485648a27fcd48891ba8,0,0,call,0x,8.29127741,None
3872422,1497459067,0x2b66d7a34427b15b4ce7a8a559646f709c8fc50d07632b0561524629b8c3670f,0xfbb1b73c4f0bda4f67dca266ce6ef42f520fbb98,0x7071f121c038a98f8a7d485648a27fcd48891ba8,0,0,call,0x,39.28032536,None
3872478,1497460028,0xa849c549d31f9ef6225c84ec3761483571fbc45ff7de2d6ebc5a8a622801f7bb,0xfbb1b73c4f0bda4f67dca266ce6ef42f520fbb98,0x7071f121c038a98f8a7d485648a27fcd48891ba8,0,0,call,0x,9.21730759,None
3872503,1497460410,0x4b04801760a131ec7375cad5ce350442d4d2e6e1538174863af6c2c1c85c20b5,0xfbb1b73c4f0bda4f67dca266ce6ef42f520fbb98,0x7071f121c038a98f8a7d485648a27fcd48891ba8,0,0,call,0x,8.29963489,None
3872568,1497461502,0xde28767ba7da21905b8483405e4f5929ed855e6498f8152281210041424b5daf,0xfbb1b73c4f0bda4f67dca266ce6ef42f520fbb98,0x7071f121c038a98f8a7d485648a27fcd48891ba8,0,0,call,0x,10.96065958,None
3872638,1497462673,0x5802fd12c91850f0faf6cd789d737e558e80dba1a1d9a5a235f2b8e0839a60fa,0xfbb1b73c4f0bda4f67dca266ce6ef42f520fbb98,0x7071f121c038a98f8a7d485648a27fcd48891ba8,0,0,call,0x,10.98428078,None
3872657,1497462923,0x2e94c9c842c68b5ea39d95fbd4aece04e36372c5bdd64f7ca778fb3baa117919,0xfbb1b73c4f0bda4f67dca266ce6ef42f520fbb98,0x7071f121c038a98f8a7d485648a27fcd48891ba8,0,0,call,0x,11.9424024,None
3872692,1497463538,0x096a6aa7f36dc77e164e3eeb9418980ba89d7bd1607ebf610ca08b7c5898da0e,0xfbb1b73c4f0bda4f67dca266ce6ef42f520fbb98,0x7071f121c038a98f8a7d485648a27fcd48891ba8,0,0,call,0x,20.47781979,None
3872705,1497463783,0xc52653a81dac0691ebb660abb83c30dcf2cadb04fca7ee70b75cfdd92c91a08d,0xfbb1b73c4f0bda4f67dca266ce6ef42f520fbb98,0x7071f121c038a98f8a7d485648a27fcd48891ba8,0,0,call,0x,42.81955578,None
3872800,1497465336,0x6c5f2940b7cf693fbcd739a4ab9fd6d851a127bc591db3bfe0696b1cc4c59a7a,0xfbb1b73c4f0bda4f67dca266ce6ef42f520fbb98,0x7071f121c038a98f8a7d485648a27fcd48891ba8,0,0,call,0x,9.1153771,None
3872826,1497465725,0x88a77db2cabac4cf4b9d1e9d65b28ae64f0eca6850d5a3c36c52edc7954420db,0xfbb1b73c4f0bda4f67dca266ce6ef42f520fbb98,0x7071f121c038a98f8a7d485648a27fcd48891ba8,0,0,call,0x,8.61648735,None
3872843,1497465949,0x86dbe7c64afa0134a46e466f28707b74b94d938b09a6af82a403c56ccd698edc,0xfbb1b73c4f0bda4f67dca266ce6ef42f520fbb98,0x7071f121c038a98f8a7d485648a27fcd48891ba8,0,0,call,0x,8.35035747,None
3872856,1497466210,0xa588ce1a7b7d20f56c52161d50a29bf2ae834ffe16bf3ef5ce5efd0344da18bc,0xfbb1b73c4f0bda4f67dca266ce6ef42f520fbb98,0x7071f121c038a98f8a7d485648a27fcd48891ba8,0,0,call,0x,10.11484832,None
3872896,1497466845,0xc94df128f0c497764679d182df8272af07d4ebadb24445365272e2be729bf594,0xfbb1b73c4f0bda4f67dca266ce6ef42f520fbb98,0x7071f121c038a98f8a7d485648a27fcd48891ba8,0,0,call,0x,8.02388602,None
3872916,1497467185,0xa5b321ea742e1efdbe18f3e85d07624e43648a8f7db9930cfa79411c46fb156a,0xfbb1b73c4f0bda4f67dca266ce6ef42f520fbb98,0x7071f121c038a98f8a7d485648a27fcd48891ba8,0,0,call,0x,9.200314500000001,None
3873005,1497468532,0xab9ce17e293c859de657d24670435b5a03426411b950a73a56eace88ac0a144f,0xfbb1b73c4f0bda4f67dca266ce6ef42f520fbb98,0x7071f121c038a98f8a7d485648a27fcd48891ba8,0,0,call,0x,8.50618095,None
3873055,1497469467,0x58800013d45e95ff6957c280da09f85a6989158a30bf196b201801c3523802a8,0xfbb1b73c4f0bda4f67dca266ce6ef42f520fbb98,0x7071f121c038a98f8a7d485648a27fcd48891ba8,0,0,call,0x,8.28202943,None
3873106,1497470449,0xbafc3c973c2a60f0d68916534273601e8fdce252a2b4dc5260d3aca7462dd5bc,0xfbb1b73c4f0bda4f67dca266ce6ef42f520fbb98,0x7071f121c038a98f8a7d485648a27fcd48891ba8,0,0,call,0x,35.12557904,None
3873239,1497472737,0xb45208d1a8698e160c0a4a1a957411b9698ea822a20d882c4d97f53616a71d79,0xfbb1b73c4f0bda4f67dca266ce6ef42f520fbb98,0x7071f121c038a98f8a7d485648a27fcd48891ba8,0,0,call,0x,9.856129009999998,None
3873268,1497473341,0x6de85285fb28051b33877994fc0c97b2454109d6d07d41669c5f98a0092dc144,0xfbb1b73c4f0bda4f67dca266ce6ef42f520fbb98,0x7071f121c038a98f8a7d485648a27fcd48891ba8,0,0,call,0x,8.16174743,None
3873339,1497474558,0x8604b8f6c3553bda6795c5c711b146ce6ae3933d573142fd84ab8ec819050fb3,0xfbb1b73c4f0bda4f67dca266ce6ef42f520fbb98,0x7071f121c038a98f8a7d485648a27fcd48891ba8,0,0,call,0x,11.495847999999999,None
3873478,1497476654,0xbcad6c96a9db3589716cdbc0d00c8b8308a656eefd746e37c5127eef4fbc48c3,0xfbb1b73c4f0bda4f67dca266ce6ef42f520fbb98,0x7071f121c038a98f8a7d485648a27fcd48891ba8,0,0,call,0x,8.12109444,None
3873494,1497476879,0xfdb4e29ec7ac1584b559a6e119567ff7df94cbc7af49d0febf805e4fffbfdf7a,0xfbb1b73c4f0bda4f67dca266ce6ef42f520fbb98,0x7071f121c038a98f8a7d485648a27fcd48891ba8,0,0,call,0x,10.27915038,None
3873537,1497477720,0x3467358da6c5e4672149bba5d13ab0f4943cbbdb2a521e8880d54f360cf58007,0xfbb1b73c4f0bda4f67dca266ce6ef42f520fbb98,0x7071f121c038a98f8a7d485648a27fcd48891ba8,0,0,call,0x,9.91783458,None
3873592,1497478439,0xfa893a30515010f6ba13540d9520e753f0bf56a42b26bc5e1b88d9c7d329710c,0xfbb1b73c4f0bda4f67dca266ce6ef42f520fbb98,0x7071f121c038a98f8a7d485648a27fcd48891ba8,0,0,call,0x,13.45597244,None
3873647,1497479221,0xa979e8aaaeef67e51eab8c4741ab7af5a535a04699cffe84e31495f63b3905dd,0xfbb1b73c4f0bda4f67dca266ce6ef42f520fbb98,0x7071f121c038a98f8a7d485648a27fcd48891ba8,0,0,call,0x,9.00577147,None
3873678,1497479791,0x27a7422c78274eb0bcf1182678c8b63627b0953815b238d5a0212ce02856bd4d,0xfbb1b73c4f0bda4f67dca266ce6ef42f520fbb98,0x7071f121c038a98f8a7d485648a27fcd48891ba8,0,0,call,0x,8.75211483,None
3873731,1497480642,0x0c901fe65be8c873fe225401e1e1547a570557e21a30667bde1d25e1cf76333f,0xfbb1b73c4f0bda4f67dca266ce6ef42f520fbb98,0x7071f121c038a98f8a7d485648a27fcd48891ba8,0,0,call,0x,9.78064786,None
3873755,1497481135,0x2c6a672c99dbd2b6f95953dd90d50acda8b75d02d9bc9bac8e2bdc94805693a3,0xfbb1b73c4f0bda4f67dca266ce6ef42f520fbb98,0x7071f121c038a98f8a7d485648a27fcd48891ba8,0,0,call,0x,11.073143430000002,None
3873794,1497481709,0x5e118914dcddc8496bfc7dad28c1b0da1a7939e3bc9c504b545ed68654306d92,0xfbb1b73c4f0bda4f67dca266ce6ef42f520fbb98,0x7071f121c038a98f8a7d485648a27fcd48891ba8,0,0,call,0x,10.9189037,None
3873920,1497483585,0x79d804d1d422018614c525c57223785bfccb0e555609f31551652b59361b22c2,0xfbb1b73c4f0bda4f67dca266ce6ef42f520fbb98,0x7071f121c038a98f8a7d485648a27fcd48891ba8,0,0,call,0x,13.41862836,None
3874061,1497485564,0x36013bc2c5a0e635de367213b28e25afe16d6912940cbf7009cb4a53ffeebbfe,0xfbb1b73c4f0bda4f67dca266ce6ef42f520fbb98,0x7071f121c038a98f8a7d485648a27fcd48891ba8,0,0,call,0x,12.32307813,None
3874211,1497488037,0xeb9e5c8c208101ceeec14fa87c0dfddf44f16df40fb15932bf8fbfba3b6a4af2,0xfbb1b73c4f0bda4f67dca266ce6ef42f520fbb98,0x7071f121c038a98f8a7d485648a27fcd48891ba8,0,0,call,0x,13.05486948,None
3874939,1497500223,0x83d48579ab5983c3156419f2483559e239b9cf680dde79492cf1f071227835d5,0xfbb1b73c4f0bda4f67dca266ce6ef42f520fbb98,0x7071f121c038a98f8a7d485648a27fcd48891ba8,0,0,call,0x,38.46421312,None
3875120,1497503086,0xfe627ccb37e40f2f411a795b3b8b0b21a10ebbb5bfe0155007d0eccaf3eb90c7,0xfbb1b73c4f0bda4f67dca266ce6ef42f520fbb98,0x7071f121c038a98f8a7d485648a27fcd48891ba8,0,0,call,0x,15.57091108,None
3875321,1497506247,0x53bf9a1b93b6a00157c3085290904a6fda2552bc2483b1033dc57ad1c91bc247,0xfbb1b73c4f0bda4f67dca266ce6ef42f520fbb98,0x7071f121c038a98f8a7d485648a27fcd48891ba8,0,0,call,0x,13.39231737,None
3875471,1497508800,0xb2cfd07526908246750ecf88470b3744b005f3159eee4e2cc8128220c889029b,0xfbb1b73c4f0bda4f67dca266ce6ef42f520fbb98,0x7071f121c038a98f8a7d485648a27fcd48891ba8,0,0,call,0x,29.03830006,None
3875506,1497509464,0xf34000da266e3a7f7024f491f3ae2af3a35188793e688902ac61299a12fb58f1,0xfbb1b73c4f0bda4f67dca266ce6ef42f520fbb98,0x7071f121c038a98f8a7d485648a27fcd48891ba8,0,0,call,0x,14.69934786,None
3875515,1497509648,0x907d801a3b2da449033f98034aa467d2eafb5e37bcf0a0e1f5eb2c6ff3529cad,0xfbb1b73c4f0bda4f67dca266ce6ef42f520fbb98,0x7071f121c038a98f8a7d485648a27fcd48891ba8,0,0,call,0x,11.568090409999998,None
3875549,1497510266,0x58883eb4f67469c0a6a0d960ecba89f9c594b92a4611b282d9a569f776677b21,0xfbb1b73c4f0bda4f67dca266ce6ef42f520fbb98,0x7071f121c038a98f8a7d485648a27fcd48891ba8,0,0,call,0x,15.36097124,None
3875603,1497510989,0x9ed21d6025724a325cef28bd51e3d280231804e619d1a51bb90bdd9bd3810869,0xfbb1b73c4f0bda4f67dca266ce6ef42f520fbb98,0x7071f121c038a98f8a7d485648a27fcd48891ba8,0,0,call,0x,12.076716929999998,None
3875613,1497511133,0x7caf8a29931a431a71f8995440df3384c7d9f6cd510c47fafdf9816eb0df88a6,0xfbb1b73c4f0bda4f67dca266ce6ef42f520fbb98,0x7071f121c038a98f8a7d485648a27fcd48891ba8,0,0,call,0x,9.46021694,None
3875682,1497512088,0xcc43306cfeab867861e2eefecc71a1f8020d0046828ea44dd9b1f2b543640e40,0xfbb1b73c4f0bda4f67dca266ce6ef42f520fbb98,0x7071f121c038a98f8a7d485648a27fcd48891ba8,0,0,call,0x,11.07566806,None
3875735,1497512945,0xd3b002f05cfb50f05e9893b52f24e27ff27fbb0c717cb6591acef3ae521cf5eb,0xfbb1b73c4f0bda4f67dca266ce6ef42f520fbb98,0x7071f121c038a98f8a7d485648a27fcd48891ba8,0,0,call,0x,14.89700442,None
3875777,1497513688,0x50a8bf97e56501d4ec8ecf9f26f250a5b5f0cd3bde53a60cb18fc02179d580fc,0xfbb1b73c4f0bda4f67dca266ce6ef42f520fbb98,0x7071f121c038a98f8a7d485648a27fcd48891ba8,0,0,call,0x,14.447166889999998,None
3875792,1497514070,0x64ea4d62ef862dc9df7b732e9a8451a1ce76e0c3c7f5504d64b7275b034dc1ba,0xfbb1b73c4f0bda4f67dca266ce6ef42f520fbb98,0x7071f121c038a98f8a7d485648a27fcd48891ba8,0,0,call,0x,12.32768723,None
3875809,1497514320,0x119ae424515976c8b25d9793a2fcedf2c17d7fe77b61977c8ddb016ef7f59792,0xfbb1b73c4f0bda4f67dca266ce6ef42f520fbb98,0x7071f121c038a98f8a7d485648a27fcd48891ba8,0,0,call,0x,9.21619889,None
3875929,1497516359,0x17a2f3e238c248170a99d1153ccd42f5b2488bab7f30b2d78eaaf54d68a01ab3,0xfbb1b73c4f0bda4f67dca266ce6ef42f520fbb98,0x7071f121c038a98f8a7d485648a27fcd48891ba8,0,0,call,0x,10.56196308,None
3876018,1497517830,0x89c8629925caab0283427f67725cb5e5f06847d692328e53663fd5e5b7f49918,0xfbb1b73c4f0bda4f67dca266ce6ef42f520fbb98,0x7071f121c038a98f8a7d485648a27fcd48891ba8,0,0,call,0x,32.53930474,None
3876071,1497518749,0x447ab8ff7fc779ab9cbc23f9834cc65c525f5b989887b713db2c715b5a601d1a,0xfbb1b73c4f0bda4f67dca266ce6ef42f520fbb98,0x7071f121c038a98f8a7d485648a27fcd48891ba8,0,0,call,0x,47.4163925,None
3876093,1497519188,0x7bb89abd143b4994ec4ff213cba78c5582a123072d17f91827a7b544439de89a,0xfbb1b73c4f0bda4f67dca266ce6ef42f520fbb98,0x7071f121c038a98f8a7d485648a27fcd48891ba8,0,0,call,0x,9.07871868,None
3876130,1497519989,0xb9b428ade7b10334a4f2e979a60851851ba8ff59155a70975e9bfca336a178fe,0xfbb1b73c4f0bda4f67dca266ce6ef42f520fbb98,0x7071f121c038a98f8a7d485648a27fcd48891ba8,0,0,call,0x,18.70236132,None
3876234,1497521545,0xd80f8280095c39be747a1c758ca1adec61cba53cf3c061831de5763c391dacf6,0xfbb1b73c4f0bda4f67dca266ce6ef42f520fbb98,0x7071f121c038a98f8a7d485648a27fcd48891ba8,0,0,call,0x,10.934557430000002,None
3876261,1497522058,0x6520244c20ec81f26cc6f68a5a5cdfd5fcb9339a5eedb5095a07b65933bb9457,0xfbb1b73c4f0bda4f67dca266ce6ef42f520fbb98,0x7071f121c038a98f8a7d485648a27fcd48891ba8,0,0,call,0x,9.34906832,None
3876277,1497522261,0x533fb243592957b381aa9511e61a59864caf9ca62ecebfdf2d54b0e5c207d88e,0xfbb1b73c4f0bda4f67dca266ce6ef42f520fbb98,0x7071f121c038a98f8a7d485648a27fcd48891ba8,0,0,call,0x,11.28643915,None
3876374,1497523962,0x81969a000fcc6382e3ef73dab07cbcbc86d30edaaee27fb55cdcbfe83a898582,0xfbb1b73c4f0bda4f67dca266ce6ef42f520fbb98,0x7071f121c038a98f8a7d485648a27fcd48891ba8,0,0,call,0x,11.24160008,None
3876436,1497524812,0x17b36bcbb43e560da7db918692bf30534435460fcd2725f8c222c8391fb8263f,0xfbb1b73c4f0bda4f67dca266ce6ef42f520fbb98,0x7071f121c038a98f8a7d485648a27fcd48891ba8,0,0,call,0x,11.49342486,None
3876488,1497525542,0x800a65971a76400438f9e417ace21d2568ae587e002d3a004d64df0a92add573,0xfbb1b73c4f0bda4f67dca266ce6ef42f520fbb98,0x7071f121c038a98f8a7d485648a27fcd48891ba8,0,0,call,0x,8.79931822,None
3876507,1497525782,0xb2d787b1f46a814cca2652aaa6fea6dba6e113dc216999bd398c9ec7eac83bfe,0xfbb1b73c4f0bda4f67dca266ce6ef42f520fbb98,0x7071f121c038a98f8a7d485648a27fcd48891ba8,0,0,call,0x,8.90765433,None
3876520,1497526032,0xb645e1ef95a755f6d363556dcf3e5628b850aa9e0e566c127a20710b19ab9ca4,0xfbb1b73c4f0bda4f67dca266ce6ef42f520fbb98,0x7071f121c038a98f8a7d485648a27fcd48891ba8,0,0,call,0x,12.115790400000002,None
3876594,1497527271,0x434ebcc5745149d20e2a2aa95c5edc12cb56420958c2e76b40728b7865224f32,0xfbb1b73c4f0bda4f67dca266ce6ef42f520fbb98,0x7071f121c038a98f8a7d485648a27fcd48891ba8,0,0,call,0x,10.34012563,None
3876600,1497527373,0xd66685a5561b7dfb7ebd25942bb351c2a169381b21c7b1b0a7883887849488f4,0xfbb1b73c4f0bda4f67dca266ce6ef42f520fbb98,0x7071f121c038a98f8a7d485648a27fcd48891ba8,0,0,call,0x,25.02169091,None
3876732,1497529422,0xe618a9dc1c41eaf5da49f6201d304011910c3592f0166a2c343af04180a5f047,0xfbb1b73c4f0bda4f67dca266ce6ef42f520fbb98,0x7071f121c038a98f8a7d485648a27fcd48891ba8,0,0,call,0x,8.537694300000002,None
3876746,1497529685,0xb013bab032bdb8bff8af7a2782724d1cc651ca88c731835160419863fe0e4116,0xfbb1b73c4f0bda4f67dca266ce6ef42f520fbb98,0x7071f121c038a98f8a7d485648a27fcd48891ba8,0,0,call,0x,15.68695129,None
3876776,1497530038,0x4344412a6d71a7d122391e5dfebc68b1a78f8415f600c0b1dfb37226971b9a39,0xfbb1b73c4f0bda4f67dca266ce6ef42f520fbb98,0x7071f121c038a98f8a7d485648a27fcd48891ba8,0,0,call,0x,8.64677327,None
3876815,1497530623,0x32f609220507cd6a501dc35daac6689064e994d716187d3655e4d5979ec449b3,0xfbb1b73c4f0bda4f67dca266ce6ef42f520fbb98,0x7071f121c038a98f8a7d485648a27fcd48891ba8,0,0,call,0x,10.02011374,None
3876873,1497531507,0x2d938913bb5b6a099b732ea54471affe6a9d6c02fe929c00f7bf553a6e4372a7,0xfbb1b73c4f0bda4f67dca266ce6ef42f520fbb98,0x7071f121c038a98f8a7d485648a27fcd48891ba8,0,0,call,0x,9.32055192,None
3876900,1497531954,0x2b1623d381e1d2b05b424691e4b94ba02d79a0207e1f3e41c9af2783436294c9,0xfbb1b73c4f0bda4f67dca266ce6ef42f520fbb98,0x7071f121c038a98f8a7d485648a27fcd48891ba8,0,0,call,0x,13.65454754,None
3876953,1497532826,0x5031cc583739eb10cfa22604ee170ac0b7962e7b01a13180563f740f7b6d0dc5,0xfbb1b73c4f0bda4f67dca266ce6ef42f520fbb98,0x7071f121c038a98f8a7d485648a27fcd48891ba8,0,0,call,0x,8.13398307,None
3876969,1497533161,0x5ea0b80bdabd0e334a04742b5935c87962c81b267adfdcea67aa8cbd9e2e262c,0xfbb1b73c4f0bda4f67dca266ce6ef42f520fbb98,0x7071f121c038a98f8a7d485648a27fcd48891ba8,0,0,call,0x,15.43388707,None
3876969,1497533161,0xe050ab3b274b01a14ea2cfb8ae1e1d188d620dcf29c10b8652a29934d27871e7,0xfbb1b73c4f0bda4f67dca266ce6ef42f520fbb98,0x7071f121c038a98f8a7d485648a27fcd48891ba8,0,0,call,0x,15.61030047,None
3877010,1497533685,0xf91a87003da41de1036ae243186ba5ce8bc06572c41646e17cd57687aef27633,0xfbb1b73c4f0bda4f67dca266ce6ef42f520fbb98,0x7071f121c038a98f8a7d485648a27fcd48891ba8,0,0,call,0x,9.34251649,None
3877064,1497534528,0x4a1e182ad06afc25a8c9824500252c257df48adb84ce99bcdb553ad7023b8cfa,0xfbb1b73c4f0bda4f67dca266ce6ef42f520fbb98,0x7071f121c038a98f8a7d485648a27fcd48891ba8,0,0,call,0x,12.26354996,None
3877114,1497535515,0x462ab92806cbfba7491609f17a8ee8dfe775350e4ff3ee7216cedf3feb0fa9ff,0xfbb1b73c4f0bda4f67dca266ce6ef42f520fbb98,0x7071f121c038a98f8a7d485648a27fcd48891ba8,0,0,call,0x,8.28516865,None
3877135,1497535806,0xc2174003bd60ad1720260bdee825ea636858c30c08e9956552ba1639c7dc5e05,0xfbb1b73c4f0bda4f67dca266ce6ef42f520fbb98,0x7071f121c038a98f8a7d485648a27fcd48891ba8,0,0,call,0x,8.80291237,None
3877162,1497536165,0x6b8875a3327b8e211e4b49f7a3408e04229ab0c159199459f119807ee09669de,0xfbb1b73c4f0bda4f67dca266ce6ef42f520fbb98,0x7071f121c038a98f8a7d485648a27fcd48891ba8,0,0,call,0x,16.73292982,None
3877176,1497536372,0x661151f635c8893790e6faba68917cb2ef62d1a10e838f410a9e0d734a951828,0xfbb1b73c4f0bda4f67dca266ce6ef42f520fbb98,0x7071f121c038a98f8a7d485648a27fcd48891ba8,0,0,call,0x,8.28489691,None
3877190,1497536630,0x0f03f9113c1c493a72d355532c64baeceaca627da8175c7bf6b51e9bb6986b4e,0xfbb1b73c4f0bda4f67dca266ce6ef42f520fbb98,0x7071f121c038a98f8a7d485648a27fcd48891ba8,0,0,call,0x,8.26501818,None
3877206,1497536850,0x382a8bc1ee40c414467c2ffd9a9fbf64c39e3528d43b92b7810957450aa3cae5,0xfbb1b73c4f0bda4f67dca266ce6ef42f520fbb98,0x7071f121c038a98f8a7d485648a27fcd48891ba8,0,0,call,0x,11.851654,None
3877255,1497537486,0x6f32a846c99a546f950341ad347f3b0498e1828f8c207fe9a6a870896631faac,0xfbb1b73c4f0bda4f67dca266ce6ef42f520fbb98,0x7071f121c038a98f8a7d485648a27fcd48891ba8,0,0,call,0x,17.32887858,None
3877273,1497537732,0x60986eeadfe0ce0e3b37760c8db8390de65e4b8383e74f3ff8937a4125b4dcad,0xfbb1b73c4f0bda4f67dca266ce6ef42f520fbb98,0x7071f121c038a98f8a7d485648a27fcd48891ba8,0,0,call,0x,8.59251403,None
3877281,1497537868,0x64a3824cba2db2630c06bbeba929a07b788900f9f81907a569d7bdf6a7b6937e,0xfbb1b73c4f0bda4f67dca266ce6ef42f520fbb98,0x7071f121c038a98f8a7d485648a27fcd48891ba8,0,0,call,0x,15.68805159,None
3877320,1497538576,0x5a5d8fc44133911d89017986917895df820ad5d263cd371e7d59817af5c985ca,0xfbb1b73c4f0bda4f67dca266ce6ef42f520fbb98,0x7071f121c038a98f8a7d485648a27fcd48891ba8,0,0,call,0x,8.177128100000001,None
3877328,1497538738,0x9ecf8e0532a5d2f90f2af2b8de009ff180d2ccfe9b7145f6ca265d6d2647999d,0xfbb1b73c4f0bda4f67dca266ce6ef42f520fbb98,0x7071f121c038a98f8a7d485648a27fcd48891ba8,0,0,call,0x,11.739021030000002,None
3877352,1497539057,0xe903c8d86a5761a26dadf644c9c4c9e79c84c99cc1eab98bab4cc1bced9aac55,0xfbb1b73c4f0bda4f67dca266ce6ef42f520fbb98,0x7071f121c038a98f8a7d485648a27fcd48891ba8,0,0,call,0x,10.29806483,None
3877396,1497539661,0xba6c3ee48c66b503a16a217ea6ee3805aa986fecac2fa538d649d387ac93507d,0xfbb1b73c4f0bda4f67dca266ce6ef42f520fbb98,0x7071f121c038a98f8a7d485648a27fcd48891ba8,0,0,call,0x,8.87184162,None
3877415,1497539973,0x9f55c31d5daf4fb0c60ba47bb0208af54e6edfee6111955ed50439c09cc7a6f5,0xfbb1b73c4f0bda4f67dca266ce6ef42f520fbb98,0x7071f121c038a98f8a7d485648a27fcd48891ba8,0,0,call,0x,13.00565715,None
3877464,1497540772,0xf4e91a248f4efbb12db9c91c8680344749c8f73da44358fecd30618da6362daf,0xfbb1b73c4f0bda4f67dca266ce6ef42f520fbb98,0x7071f121c038a98f8a7d485648a27fcd48891ba8,0,0,call,0x,9.70331304,None
3877481,1497541110,0xd519673a35cd7de9af6504c172e3af37e89c77afe64bf3c22bcb2131cfb501ce,0xfbb1b73c4f0bda4f67dca266ce6ef42f520fbb98,0x7071f121c038a98f8a7d485648a27fcd48891ba8,0,0,call,0x,8.16314257,None
3877526,1497541636,0x5c781ed5246bc1244541421116c93c4efafb3fa7d204d880cb94a6b186ea5638,0xfbb1b73c4f0bda4f67dca266ce6ef42f520fbb98,0x7071f121c038a98f8a7d485648a27fcd48891ba8,0,0,call,0x,10.51167759,None
3877561,1497542202,0x3e30df2dc370c278e67bf22eb0815e74b7df67acf4d07fe0d7cdf6b3a78295d7,0xfbb1b73c4f0bda4f67dca266ce6ef42f520fbb98,0x7071f121c038a98f8a7d485648a27fcd48891ba8,0,0,call,0x,14.22255524,None
3877588,1497542728,0xc06a95b4ce6e84000e19279f5338bca9dcb1e9eaba9288b07abff40776b3ebd4,0xfbb1b73c4f0bda4f67dca266ce6ef42f520fbb98,0x7071f121c038a98f8a7d485648a27fcd48891ba8,0,0,call,0x,8.63803408,None
3877617,1497543096,0x24eecae1ce9013ae5eac5203931b030e84139af7518af9168dddf9b73e7d1ad0,0xfbb1b73c4f0bda4f67dca266ce6ef42f520fbb98,0x7071f121c038a98f8a7d485648a27fcd48891ba8,0,0,call,0x,14.136786569999998,None
3877652,1497543769,0x60fb8c903d3d46aad8cad6baf1ddb242722cd377544b7be11356b6ecc65ff4f0,0xfbb1b73c4f0bda4f67dca266ce6ef42f520fbb98,0x7071f121c038a98f8a7d485648a27fcd48891ba8,0,0,call,0x,12.22753722,None
3877710,1497544764,0x27eec831af71a7ae094f6c181c2c0916c74d6c59b2b8198d477b7937674c7659,0xfbb1b73c4f0bda4f67dca266ce6ef42f520fbb98,0x7071f121c038a98f8a7d485648a27fcd48891ba8,0,0,call,0x,13.03182792,None
3877736,1497545258,0x22ebc62b35e2b7c4d732c93b149c64ced6ca9ac27122a13119713f904f0b9dbc,0xfbb1b73c4f0bda4f67dca266ce6ef42f520fbb98,0x7071f121c038a98f8a7d485648a27fcd48891ba8,0,0,call,0x,10.015875929999998,None
3877774,1497545935,0x2188ea6fbfc77b10d7cafe8e017ee5e5baf03a27f3a208233bce387ddf61a7b6,0xfbb1b73c4f0bda4f67dca266ce6ef42f520fbb98,0x7071f121c038a98f8a7d485648a27fcd48891ba8,0,0,call,0x,14.921672889999998,None
3877840,1497547184,0x064edf7b315f1527abcdd0aca600e4a733d35a297fb49afa26483cf66f9a73b8,0xfbb1b73c4f0bda4f67dca266ce6ef42f520fbb98,0x7071f121c038a98f8a7d485648a27fcd48891ba8,0,0,call,0x,9.80428453,None
3877901,1497548321,0xe74a378ab1fd893053da6082d301ca16740dd685af43ece98411eae42421d98b,0xfbb1b73c4f0bda4f67dca266ce6ef42f520fbb98,0x7071f121c038a98f8a7d485648a27fcd48891ba8,0,0,call,0x,10.73769341,None
3877901,1497548321,0xf74bd74d50db78fc528b4c0153e06e53b6b421f3fd3f2acec05713d67600fc55,0xfbb1b73c4f0bda4f67dca266ce6ef42f520fbb98,0x7071f121c038a98f8a7d485648a27fcd48891ba8,0,0,call,0x,9.752143169999998,None
3877901,1497548321,0xeff3eeacce934af72f12353ce273bd16f7d2bb9f2580c58a71c7b78adef2686b,0xfbb1b73c4f0bda4f67dca266ce6ef42f520fbb98,0x7071f121c038a98f8a7d485648a27fcd48891ba8,0,0,call,0x,14.46938199,None
3877952,1497549376,0xf60c7a17e3751b6e27e76ce27264cefcad08a9ac04b1fc4c7be7a772d25bb1e3,0xfbb1b73c4f0bda4f67dca266ce6ef42f520fbb98,0x7071f121c038a98f8a7d485648a27fcd48891ba8,0,0,call,0x,8.11830568,None
3877964,1497549516,0x7b2b9deeb8e84385d01d4e921b1aa617e5ba921ba09d64b5a03da09d4ee40a4f,0xfbb1b73c4f0bda4f67dca266ce6ef42f520fbb98,0x7071f121c038a98f8a7d485648a27fcd48891ba8,0,0,call,0x,8.85074323,None
3878021,1497550610,0xc97c29b2c237289250f9a8e75b0d5feb024b36c5c68be79615468017080db779,0xfbb1b73c4f0bda4f67dca266ce6ef42f520fbb98,0x7071f121c038a98f8a7d485648a27fcd48891ba8,0,0,call,0x,10.01054176,None
3878068,1497551499,0x5177661c6dade298c90fd779a9b95d64133442708911ccf8aeccf96f63ac1283,0xfbb1b73c4f0bda4f67dca266ce6ef42f520fbb98,0x7071f121c038a98f8a7d485648a27fcd48891ba8,0,0,call,0x,9.05377686,None
3878165,1497553077,0x12343a4e688897605d61a4e5b8f00e4b4d49fb91527841fc3e40221750a38c53,0xfbb1b73c4f0bda4f67dca266ce6ef42f520fbb98,0x7071f121c038a98f8a7d485648a27fcd48891ba8,0,0,call,0x,13.59482307,None
3878208,1497553657,0xb1d48fe9d437b6459e9c103c0888780ad27649ba255e107cc16ae8bcb05cca88,0xfbb1b73c4f0bda4f67dca266ce6ef42f520fbb98,0x7071f121c038a98f8a7d485648a27fcd48891ba8,0,0,call,0x,10.244612169999998,None
3878247,1497554264,0x88e2a9a1ade41feaf8242f4a17d125bc3098fee8a40873409acf8a3e97248d8e,0xfbb1b73c4f0bda4f67dca266ce6ef42f520fbb98,0x7071f121c038a98f8a7d485648a27fcd48891ba8,0,0,call,0x,10.23952877,None
3878314,1497555486,0xc4932959aa5d0ef6640b1a109081ba10acdecfe6e52c77ce673c4d2d639d5290,0xfbb1b73c4f0bda4f67dca266ce6ef42f520fbb98,0x7071f121c038a98f8a7d485648a27fcd48891ba8,0,0,call,0x,8.07743551,None
3878406,1497557005,0xe9d57cdf771d847d1d333c0dfad0dca743752e01004b661d0af80bf016ba8173,0xfbb1b73c4f0bda4f67dca266ce6ef42f520fbb98,0x7071f121c038a98f8a7d485648a27fcd48891ba8,0,0,call,0x,8.54344766,None
3878473,1497557837,0x6e0dce1b4cad0602206a46ebd9158d4dc39ca893b4aaa30627347162e5faa5cd,0xfbb1b73c4f0bda4f67dca266ce6ef42f520fbb98,0x7071f121c038a98f8a7d485648a27fcd48891ba8,0,0,call,0x,12.716781329999998,None
3878480,1497558025,0xebadae648dc242dfd48edd080f68f8d7da2d689e704161afc9cb988e86d373e3,0xfbb1b73c4f0bda4f67dca266ce6ef42f520fbb98,0x7071f121c038a98f8a7d485648a27fcd48891ba8,0,0,call,0x,8.13855906,None
3878571,1497559241,0x60d377cb528486f2efce059e19ee1fc66f0bbf1f9566da9b089d52164f2582c0,0xfbb1b73c4f0bda4f67dca266ce6ef42f520fbb98,0x7071f121c038a98f8a7d485648a27fcd48891ba8,0,0,call,0x,8.99129977,None
3878619,1497559853,0x003c5dc03cf34b9ae337346f89ed6c5dfa3aaaa6e4df1fcc74a3511cf53c5f64,0xfbb1b73c4f0bda4f67dca266ce6ef42f520fbb98,0x7071f121c038a98f8a7d485648a27fcd48891ba8,0,0,call,0x,12.56939574,None
3878664,1497560577,0xcdc6fdaa87a4ff235613ea0ccdd6167b3f348483124f19ab714fdffaf7377162,0xfbb1b73c4f0bda4f67dca266ce6ef42f520fbb98,0x7071f121c038a98f8a7d485648a27fcd48891ba8,0,0,call,0x,11.18056784,None
3878694,1497561068,0x5791645484f017da8031bfa53b8068a49727f8d4d53415728d2b080d94e534e2,0xfbb1b73c4f0bda4f67dca266ce6ef42f520fbb98,0x7071f121c038a98f8a7d485648a27fcd48891ba8,0,0,call,0x,8.28585173,None
3878853,1497563656,0x40890cc779fc6a04f72849e6d22b529416db0d645ff62efb633f18adf2927e80,0xfbb1b73c4f0bda4f67dca266ce6ef42f520fbb98,0x7071f121c038a98f8a7d485648a27fcd48891ba8,0,0,call,0x,8.54816831,None
3879029,1497566493,0x3b275e3919a6f4aa3436f5f6fdb42f6577b33502a9d02ca49dcd07f00ee6899e,0xfbb1b73c4f0bda4f67dca266ce6ef42f520fbb98,0x7071f121c038a98f8a7d485648a27fcd48891ba8,0,0,call,0x,8.96259023,None
3879114,1497567807,0x844a880f3d249af6fa2767f6c1b2feb897de804d2c1738326b10672961920f4c,0xfbb1b73c4f0bda4f67dca266ce6ef42f520fbb98,0x7071f121c038a98f8a7d485648a27fcd48891ba8,0,0,call,0x,11.01199531,None
3879249,1497570184,0x7f709c28814b02823ee1791103198262dc10e6d0a4fa08b269dd0a789691b731,0xfbb1b73c4f0bda4f67dca266ce6ef42f520fbb98,0x7071f121c038a98f8a7d485648a27fcd48891ba8,0,0,call,0x,10.30200217,None
3880127,1497584830,0xd689d0c9673d9e17a5aa38d35e2d4effbced2a03a144d9c3e2ed615348ddc757,0xfbb1b73c4f0bda4f67dca266ce6ef42f520fbb98,0x7071f121c038a98f8a7d485648a27fcd48891ba8,0,0,call,0x,10.60760369,None
3880392,1497589365,0xd534eec9993ea7208a377573f9bddcc2046ad4046c8e44ce7285cef763129355,0xfbb1b73c4f0bda4f67dca266ce6ef42f520fbb98,0x7071f121c038a98f8a7d485648a27fcd48891ba8,0,0,call,0x,9.83901037,None
3880695,1497594396,0x48840c66f13b770d57f273633ef1c773d67679b34708e5188b279c5391688012,0xfbb1b73c4f0bda4f67dca266ce6ef42f520fbb98,0x7071f121c038a98f8a7d485648a27fcd48891ba8,0,0,call,0x,8.38117475,None
3880812,1497596148,0x72930cd97f5d2f2afc1cec8ee9c38fdc385a916c907c9d5612a02b8dfffa7968,0xfbb1b73c4f0bda4f67dca266ce6ef42f520fbb98,0x7071f121c038a98f8a7d485648a27fcd48891ba8,0,0,call,0x,8.03816455,None
3880969,1497598872,0x8c415600509f110ec7fbe6e0dfe5ab53ddffdcf836988cdffd5a29d8ed77d2eb,0xfbb1b73c4f0bda4f67dca266ce6ef42f520fbb98,0x7071f121c038a98f8a7d485648a27fcd48891ba8,0,0,call,0x,9.33530746,None
3881103,1497600934,0xef93145240d0d07b512016337c4713d16f83313ef477fcdbdc25bdd189eb8fbc,0xfbb1b73c4f0bda4f67dca266ce6ef42f520fbb98,0x7071f121c038a98f8a7d485648a27fcd48891ba8,0,0,call,0x,10.80565501,None
3881214,1497602547,0x68dad1df6d15c3603f9d40b9ced2cdd0e4c8ce60c55e4cfb5f29252813fdc530,0xfbb1b73c4f0bda4f67dca266ce6ef42f520fbb98,0x7071f121c038a98f8a7d485648a27fcd48891ba8,0,0,call,0x,8.01394359,None
3881292,1497603783,0x75c85538286a55b5169aebeffe29a4e189276ecf8502b75accc8926636440a50,0xfbb1b73c4f0bda4f67dca266ce6ef42f520fbb98,0x7071f121c038a98f8a7d485648a27fcd48891ba8,0,0,call,0x,10.1269245,None
3881358,1497604698,0x46aa34fc4431ea9f5e26aa33d8620a560b29fba729d2b6e4fb6ad035005975cd,0xfbb1b73c4f0bda4f67dca266ce6ef42f520fbb98,0x7071f121c038a98f8a7d485648a27fcd48891ba8,0,0,call,0x,11.45152859,None
3881439,1497605800,0x9953930e3aa6a04d56e2599ec92e1f4e0d6c179c66927751caa77f71a5c4d352,0xfbb1b73c4f0bda4f67dca266ce6ef42f520fbb98,0x7071f121c038a98f8a7d485648a27fcd48891ba8,0,0,call,0x,8.76627569,None
3881508,1497606879,0xa1dcf5b02b3df2e2361c1155a875692863f9e92fee00e428965db9650911623e,0xfbb1b73c4f0bda4f67dca266ce6ef42f520fbb98,0x7071f121c038a98f8a7d485648a27fcd48891ba8,0,0,call,0x,9.22914106,None
3881565,1497607983,0x272a7d33baaf4313be0b047c7423befa4bb0385a3fea575afc1b3bc9a7326472,0xfbb1b73c4f0bda4f67dca266ce6ef42f520fbb98,0x7071f121c038a98f8a7d485648a27fcd48891ba8,0,0,call,0x,8.90722421,None
3881650,1497609323,0x55f25c7f1a6b1d802e84f3c47c6c42ca4fca3c4d7f6e48366616d81a1dde9f79,0xfbb1b73c4f0bda4f67dca266ce6ef42f520fbb98,0x7071f121c038a98f8a7d485648a27fcd48891ba8,0,0,call,0x,9.656893499999999,None
3881710,1497610341,0x55931bd8e4a01df48508e6ffb24be52937647146f7611afaca24ec534e59da51,0xfbb1b73c4f0bda4f67dca266ce6ef42f520fbb98,0x7071f121c038a98f8a7d485648a27fcd48891ba8,0,0,call,0x,9.38764085,None
3881806,1497612114,0xf3c0c68fa70c39cc11745948e87a8bad960ab87bab665942ebb7aab6bdbbade5,0xfbb1b73c4f0bda4f67dca266ce6ef42f520fbb98,0x7071f121c038a98f8a7d485648a27fcd48891ba8,0,0,call,0x,12.094617329999998,None
3881897,1497613795,0x274de8cb257bd784b3623e4da8286540eb4bbc757ff0e2615cca141050a12679,0xfbb1b73c4f0bda4f67dca266ce6ef42f520fbb98,0x7071f121c038a98f8a7d485648a27fcd48891ba8,0,0,call,0x,9.747662750000002,None
3881952,1497614642,0x0819fd39879d7404e73728be5d49c83729b758904ea3fd700f5ba4be40343c4b,0xfbb1b73c4f0bda4f67dca266ce6ef42f520fbb98,0x7071f121c038a98f8a7d485648a27fcd48891ba8,0,0,call,0x,10.23099974,None
3882005,1497615484,0x487b8b152b5c33d10531365f0de2083ccc810a6e95340fd914165ea6d995a62c,0xfbb1b73c4f0bda4f67dca266ce6ef42f520fbb98,0x7071f121c038a98f8a7d485648a27fcd48891ba8,0,0,call,0x,9.84224903,None
3882081,1497616818,0x87b3957274093227d7018ca4f88689c4a4b794d1a369b9ab0ea990fd06093596,0xfbb1b73c4f0bda4f67dca266ce6ef42f520fbb98,0x7071f121c038a98f8a7d485648a27fcd48891ba8,0,0,call,0x,9.29338402,None
3882310,1497620249,0x79f2babcbb2dfb73c3a5cac83104cd1f7fcf8b73bfb6e57d955c8385ddf5bf57,0xfbb1b73c4f0bda4f67dca266ce6ef42f520fbb98,0x7071f121c038a98f8a7d485648a27fcd48891ba8,0,0,call,0x,8.07313861,None
3882401,1497621835,0x828a36de4c387da85f82c83384d23bd9a34a6fe8eb9260a0fdaf55e814c6fbb1,0xfbb1b73c4f0bda4f67dca266ce6ef42f520fbb98,0x7071f121c038a98f8a7d485648a27fcd48891ba8,0,0,call,0x,10.18341155,None
3882494,1497623119,0xd391ad2a84d6c4aeebad3820089983292975a6e7dec99a49eeff8cfd032cf38c,0xfbb1b73c4f0bda4f67dca266ce6ef42f520fbb98,0x7071f121c038a98f8a7d485648a27fcd48891ba8,0,0,call,0x,9.01835235,None
3882639,1497625455,0x0e1babcf6e7c4c160d994e7157209fc2ec22806717da7fa056d76f202588b748,0xfbb1b73c4f0bda4f67dca266ce6ef42f520fbb98,0x7071f121c038a98f8a7d485648a27fcd48891ba8,0,0,call,0x,8.17206545,None
3882807,1497628030,0xc730b9e95596a4578b6d295616f257c15bc9bf0624d68b1f14afbba51e9bf00f,0xfbb1b73c4f0bda4f67dca266ce6ef42f520fbb98,0x7071f121c038a98f8a7d485648a27fcd48891ba8,0,0,call,0x,9.781755,None
3882930,1497630084,0x76a758f9ccfcd031d78d172bb755e92eca43a7d5ca23e88c2f1a85e3e431a693,0xfbb1b73c4f0bda4f67dca266ce6ef42f520fbb98,0x7071f121c038a98f8a7d485648a27fcd48891ba8,0,0,call,0x,8.32386197,None
3883043,1497632040,0x39a421d3d611f04d216c679e7c4a4edec72e26e96e0ec86eb1cdc9f138a960de,0xfbb1b73c4f0bda4f67dca266ce6ef42f520fbb98,0x7071f121c038a98f8a7d485648a27fcd48891ba8,0,0,call,0x,10.83623467,None
3883131,1497633229,0xbc9afd4d8eb9d70128e0c2ab37f7ab921229df77e090bbed58ec15aa90a28707,0xfbb1b73c4f0bda4f67dca266ce6ef42f520fbb98,0x7071f121c038a98f8a7d485648a27fcd48891ba8,0,0,call,0x,15.61752208,None
3883252,1497635201,0xeef39d822badd2624bbba0f38e4e3012c6fb09418ae54138e7110a2f5865810f,0xfbb1b73c4f0bda4f67dca266ce6ef42f520fbb98,0x7071f121c038a98f8a7d485648a27fcd48891ba8,0,0,call,0x,18.24722911,None
3883324,1497636136,0x3b7ab6e05c444103fdbeeca77c759c08e5a12e029d5e9423c571d9b59a296ee7,0xfbb1b73c4f0bda4f67dca266ce6ef42f520fbb98,0x7071f121c038a98f8a7d485648a27fcd48891ba8,0,0,call,0x,14.76256582,None
3883392,1497637275,0x521a3d620f4ac6d61d3407c2859f7080f1a4f0b853d972dba322d622170ee51f,0xfbb1b73c4f0bda4f67dca266ce6ef42f520fbb98,0x7071f121c038a98f8a7d485648a27fcd48891ba8,0,0,call,0x,8.79423168,None
3883507,1497639157,0x465655070012acd100408b935b4aea590cc92bff6b0cb8286543499c596b2f98,0xfbb1b73c4f0bda4f67dca266ce6ef42f520fbb98,0x7071f121c038a98f8a7d485648a27fcd48891ba8,0,0,call,0x,8.98103505,None
3883667,1497641656,0x1dbb70f6be3832ca62cb1a9f46371ae7b55bf92dcfc44fc8642c06832aeef5f4,0xfbb1b73c4f0bda4f67dca266ce6ef42f520fbb98,0x7071f121c038a98f8a7d485648a27fcd48891ba8,0,0,call,0x,10.53080663,None
3883770,1497643410,0x994e9a147fce35a3dd1c7cd81768d5d4bda6a31480f71e95da91c43e6f408085,0xfbb1b73c4f0bda4f67dca266ce6ef42f520fbb98,0x7071f121c038a98f8a7d485648a27fcd48891ba8,0,0,call,0x,10.27711735,None
3883896,1497645390,0x83043969432d840e5128d31338c7df41b5d49ead3f3a6e9c8ad0b9b23e368e8d,0xfbb1b73c4f0bda4f67dca266ce6ef42f520fbb98,0x7071f121c038a98f8a7d485648a27fcd48891ba8,0,0,call,0x,10.257142430000002,None
3884076,1497648561,0x81b2ba02daea90a35bbd3607a8ea94296cd114ea137e83d0c69da18a41177aae,0xfbb1b73c4f0bda4f67dca266ce6ef42f520fbb98,0x7071f121c038a98f8a7d485648a27fcd48891ba8,0,0,call,0x,9.88824034,None
3884193,1497650446,0xe1f2ef3bbb485e2928e1695fc20587b5f6153b3f28df47f8b58a348a830119cd,0xfbb1b73c4f0bda4f67dca266ce6ef42f520fbb98,0x7071f121c038a98f8a7d485648a27fcd48891ba8,0,0,call,0x,14.88544586,None
3884256,1497651547,0xd260dc34a63f7c49d96258e6a4197444fd1843116829ec818bcd804f49987f77,0xfbb1b73c4f0bda4f67dca266ce6ef42f520fbb98,0x7071f121c038a98f8a7d485648a27fcd48891ba8,0,0,call,0x,13.34488726,None
3884478,1497654791,0x04ebdbb50c90e84cecb5aa554f1aa7f83841d7288a2394cb1cec09fa35bbaadd,0xfbb1b73c4f0bda4f67dca266ce6ef42f520fbb98,0x7071f121c038a98f8a7d485648a27fcd48891ba8,0,0,call,0x,9.39675999,None
3884514,1497655412,0x40c3ea3e14a4d6d2dd1d0b4ea2f9864d4f2414b169b7ada450cd1dea7d11dca1,0xfbb1b73c4f0bda4f67dca266ce6ef42f520fbb98,0x7071f121c038a98f8a7d485648a27fcd48891ba8,0,0,call,0x,13.30850585,None
3884612,1497656999,0xb8f505b307c2cfb0196757e1ec7457626ea2bf9aced34973810d3bc750416711,0xfbb1b73c4f0bda4f67dca266ce6ef42f520fbb98,0x7071f121c038a98f8a7d485648a27fcd48891ba8,0,0,call,0x,14.745443700000001,None
3885115,1497665694,0xcddf6b73d88a40a8aad3fe2944e8bdb04c2c60a70d3c71cc505d0f6b283c0a10,0xfbb1b73c4f0bda4f67dca266ce6ef42f520fbb98,0x7071f121c038a98f8a7d485648a27fcd48891ba8,0,0,call,0x,14.001130110000002,None
3886053,1497680543,0x7fe38f511cc546ff47451c23a4d9b12e2ca56923c8470e0b1d4eaf3de6853c84,0xfbb1b73c4f0bda4f67dca266ce6ef42f520fbb98,0x7071f121c038a98f8a7d485648a27fcd48891ba8,0,0,call,0x,13.37494914,None
3886350,1497685007,0x9563e51f210885cdf8e08d7a14abd97e5e44146cc7eaebfc704bba5f467eee8d,0xfbb1b73c4f0bda4f67dca266ce6ef42f520fbb98,0x7071f121c038a98f8a7d485648a27fcd48891ba8,0,0,call,0x,8.34238933,None
3886573,1497688811,0x3817c7cbd8e76087a130f7367a56af9ef318feb61f881afc0b806837255138f0,0xfbb1b73c4f0bda4f67dca266ce6ef42f520fbb98,0x7071f121c038a98f8a7d485648a27fcd48891ba8,0,0,call,0x,12.95936924,None
3886621,1497689564,0x6bd0fd6635985a3719665f8e5cf0a1156dc63ac59108680f00215f7fee85e2aa,0xfbb1b73c4f0bda4f67dca266ce6ef42f520fbb98,0x7071f121c038a98f8a7d485648a27fcd48891ba8,0,0,call,0x,10.307700249999998,None
3886695,1497690692,0x7e378a3de77d275532b53d9c9c05a3235e4960bc8090040e0ce9116fcdf2f5bf,0xfbb1b73c4f0bda4f67dca266ce6ef42f520fbb98,0x7071f121c038a98f8a7d485648a27fcd48891ba8,0,0,call,0x,10.20860221,None
3886741,1497691424,0xc9f118c7942ad4171784dad55b24def6b4da174650623390a323f6643e3dcb2b,0xfbb1b73c4f0bda4f67dca266ce6ef42f520fbb98,0x7071f121c038a98f8a7d485648a27fcd48891ba8,0,0,call,0x,10.62328948,None
3886875,1497693236,0x9c815dcd795119c3f40606108f34b0988ce88469daede4bc06fa7cbc5b013355,0xfbb1b73c4f0bda4f67dca266ce6ef42f520fbb98,0x7071f121c038a98f8a7d485648a27fcd48891ba8,0,0,call,0x,8.87914427,None
3887121,1497697239,0xff1d4e1cf51af78addd6e00daddd145221a9912fbdf6b2a0805e551f3113d439,0xfbb1b73c4f0bda4f67dca266ce6ef42f520fbb98,0x7071f121c038a98f8a7d485648a27fcd48891ba8,0,0,call,0x,13.65398296,None
3887131,1497697369,0x0ea5345b24285aa9c2952e04f089d0a847810ec4477520de23ac766e37d68bed,0xfbb1b73c4f0bda4f67dca266ce6ef42f520fbb98,0x7071f121c038a98f8a7d485648a27fcd48891ba8,0,0,call,0x,14.463296390000002,None
3887311,1497700185,0x33922f38342c46b6671ca876072e0c82bd19b24a24ab1b4f4dd1838f70548104,0xfbb1b73c4f0bda4f67dca266ce6ef42f520fbb98,0x7071f121c038a98f8a7d485648a27fcd48891ba8,0,0,call,0x,8.686390600000001,None
3887476,1497703005,0xf4f76eabd62055c269e42c55c6d3292ef4f81a7ccc321f506b62fbb0addb700f,0xfbb1b73c4f0bda4f67dca266ce6ef42f520fbb98,0x7071f121c038a98f8a7d485648a27fcd48891ba8,0,0,call,0x,13.76114639,None
3887892,1497709366,0x3957a47348a0134eec7b1fcdc4ec9769173a7227ef1f794a311a692ab33444ad,0xfbb1b73c4f0bda4f67dca266ce6ef42f520fbb98,0x7071f121c038a98f8a7d485648a27fcd48891ba8,0,0,call,0x,8.13946118,None
3888028,1497712277,0x424440be03e8069eda11ef3faf19165e2832e296695b761d77d24cce9fde09e0,0xfbb1b73c4f0bda4f67dca266ce6ef42f520fbb98,0x7071f121c038a98f8a7d485648a27fcd48891ba8,0,0,call,0x,9.35337698,None
3888160,1497714804,0xd6e7f08ffad7a609a765834157d87b932f6cc8658f5699019bd40d57943de519,0xfbb1b73c4f0bda4f67dca266ce6ef42f520fbb98,0x7071f121c038a98f8a7d485648a27fcd48891ba8,0,0,call,0x,8.16556101,None
3888276,1497716670,0x3e608d6e13849753b87fd277426783954700002d2fc06411a3a12984a2929847,0xfbb1b73c4f0bda4f67dca266ce6ef42f520fbb98,0x7071f121c038a98f8a7d485648a27fcd48891ba8,0,0,call,0x,9.07680273,None
3888675,1497723140,0x8fd23aed79e085d3a3a841b183e6df25fc80943ca01875fe4a921a25c5b2677e,0xfbb1b73c4f0bda4f67dca266ce6ef42f520fbb98,0x7071f121c038a98f8a7d485648a27fcd48891ba8,0,0,call,0x,11.76642445,None
3888787,1497724747,0xf8ebf32b015df4a1d8f40317b382e2050ca57561fb1fad6568879210fc36c417,0xfbb1b73c4f0bda4f67dca266ce6ef42f520fbb98,0x7071f121c038a98f8a7d485648a27fcd48891ba8,0,0,call,0x,31.42211255,None
3889152,1497730625,0x36df811ddb7cea88ab1601d5bb2fba4f9895ea13158b0335bb69e1b66907529a,0xfbb1b73c4f0bda4f67dca266ce6ef42f520fbb98,0x7071f121c038a98f8a7d485648a27fcd48891ba8,0,0,call,0x,10.26041793,None
3889358,1497734129,0x76bb4889665d6dc1fe5204ab7ea358c9c8ee6bc1656d7096af536b3b04447aab,0xfbb1b73c4f0bda4f67dca266ce6ef42f520fbb98,0x7071f121c038a98f8a7d485648a27fcd48891ba8,0,0,call,0x,9.50448848,None
3889512,1497736803,0xd5d64b56adf0b68eb6716b3e65b1376d418d0d35958fba34c43129d523745e2f,0xfbb1b73c4f0bda4f67dca266ce6ef42f520fbb98,0x7071f121c038a98f8a7d485648a27fcd48891ba8,0,0,call,0x,14.53330414,None
3889689,1497740057,0x445bba31ed799a52ea5d84e5fe5d85f6f28401c6832b786d17146c67d4757e39,0xfbb1b73c4f0bda4f67dca266ce6ef42f520fbb98,0x7071f121c038a98f8a7d485648a27fcd48891ba8,0,0,call,0x,31.07799279,None
3890540,1497753379,0xf6862650cf52379627470bdca0306159b0dbc88facd2b03546dcdec31dadaf1c,0xfbb1b73c4f0bda4f67dca266ce6ef42f520fbb98,0x7071f121c038a98f8a7d485648a27fcd48891ba8,0,0,call,0x,8.26694036,None
3891832,1497773895,0xaee060d61aa4fb110c5ff8a8131a71f2bfe1d7f22b53bb2552369165e9101a79,0xfbb1b73c4f0bda4f67dca266ce6ef42f520fbb98,0x7071f121c038a98f8a7d485648a27fcd48891ba8,0,0,call,0x,9.284010169999998,None
3891905,1497775273,0x868e5a8e89e84db7df7fd4d1ddf20a9a23b4c6c5bf95b68de42ebb671d8988fa,0xfbb1b73c4f0bda4f67dca266ce6ef42f520fbb98,0x7071f121c038a98f8a7d485648a27fcd48891ba8,0,0,call,0x,8.2033547,None
3891952,1497776244,0x0cb835737582983f505a798524b742ca53764814fbbe1723760b3f3f6846526e,0xfbb1b73c4f0bda4f67dca266ce6ef42f520fbb98,0x7071f121c038a98f8a7d485648a27fcd48891ba8,0,0,call,0x,10.49123531,None
3892167,1497779401,0xc108f88c1c80c405c223c91302204d522114fefd1012f04d82b3673c0097c155,0xfbb1b73c4f0bda4f67dca266ce6ef42f520fbb98,0x7071f121c038a98f8a7d485648a27fcd48891ba8,0,0,call,0x,8.30046966,None
3892313,1497781877,0x420661ae9635ef4178cf7220d07d73f08de66ec24f0903e612172fec29d41490,0xfbb1b73c4f0bda4f67dca266ce6ef42f520fbb98,0x7071f121c038a98f8a7d485648a27fcd48891ba8,0,0,call,0x,29.22842775,None
3892469,1497784384,0x1636083ad40cee6af92b7c42150ff49c02b4dae087f27588597f4dc8c2b2c711,0xfbb1b73c4f0bda4f67dca266ce6ef42f520fbb98,0x7071f121c038a98f8a7d485648a27fcd48891ba8,0,0,call,0x,10.81483146,None
3892859,1497790589,0x5d32626c07ddcc6a3f20bd1ecf07c02822189498d91e500e60c34345db91fc8e,0xfbb1b73c4f0bda4f67dca266ce6ef42f520fbb98,0x7071f121c038a98f8a7d485648a27fcd48891ba8,0,0,call,0x,11.82181197,None
3893074,1497793883,0xcdeb919617bcc79d923da7717fdd8634b3a187a8e77645a00abadced27e151c5,0xfbb1b73c4f0bda4f67dca266ce6ef42f520fbb98,0x7071f121c038a98f8a7d485648a27fcd48891ba8,0,0,call,0x,11.57097322,None
3893332,1497797946,0xc01f997125b0504100de5f1f1a7ab343436955641bdcd7da7ef0341a3f66d156,0xfbb1b73c4f0bda4f67dca266ce6ef42f520fbb98,0x7071f121c038a98f8a7d485648a27fcd48891ba8,0,0,call,0x,8.41237428,None
3893571,1497801832,0x6a2cf37bd5a6802aa818fdf6de097eb6f1c47aad3e664e3cbcf8b22376390e4f,0xfbb1b73c4f0bda4f67dca266ce6ef42f520fbb98,0x7071f121c038a98f8a7d485648a27fcd48891ba8,0,0,call,0x,10.6305407,None
3893600,1497802275,0x9d46e2c3a597ec2a9886a80ed08c25ef7f5e793ee7c79b028cd8991eaf3f10a5,0xfbb1b73c4f0bda4f67dca266ce6ef42f520fbb98,0x7071f121c038a98f8a7d485648a27fcd48891ba8,0,0,call,0x,8.32212005,None
3893710,1497804105,0x62908718b5d37844a69794190b38e76bfd43366f68b5093fa85e3b5a5cdce735,0xfbb1b73c4f0bda4f67dca266ce6ef42f520fbb98,0x7071f121c038a98f8a7d485648a27fcd48891ba8,0,0,call,0x,8.20112138,None
3893794,1497805423,0x5dd18db6af336064b9a3f677b2ee296e57632377f0f652b41bf06b45b8159926,0xfbb1b73c4f0bda4f67dca266ce6ef42f520fbb98,0x7071f121c038a98f8a7d485648a27fcd48891ba8,0,0,call,0x,9.26799498,None
3894105,1497810307,0x764111fd8f8fbe2391952ae708b590232b820b92d63f46773aef10dd8e4e86ab,0xfbb1b73c4f0bda4f67dca266ce6ef42f520fbb98,0x7071f121c038a98f8a7d485648a27fcd48891ba8,0,0,call,0x,8.59772354,None
3894161,1497811268,0xe5e9e50694264dfb708c275198686878c67a60fce8dd9582120ae5259e000889,0xfbb1b73c4f0bda4f67dca266ce6ef42f520fbb98,0x7071f121c038a98f8a7d485648a27fcd48891ba8,0,0,call,0x,31.29638741,None
3894415,1497815772,0x23398afbf39c8b5ae190e518f73a79f5a082e6354519d6b907dc889e6b0b7149,0xfbb1b73c4f0bda4f67dca266ce6ef42f520fbb98,0x7071f121c038a98f8a7d485648a27fcd48891ba8,0,0,call,0x,9.416754289999998,None
3894521,1497817478,0x8fef38f5de304f5bd59b2bd065e99535dbf825310802178683d5d624272e87ff,0xfbb1b73c4f0bda4f67dca266ce6ef42f520fbb98,0x7071f121c038a98f8a7d485648a27fcd48891ba8,0,0,call,0x,8.80694199,None
3894567,1497818325,0x73baf7400fc54aff9deab20bc40c834a12cdee5426d70d5b6a0501b9e986e25a,0xfbb1b73c4f0bda4f67dca266ce6ef42f520fbb98,0x7071f121c038a98f8a7d485648a27fcd48891ba8,0,0,call,0x,9.03418132,None
3894715,1497821043,0xcce3e5095434a2aae4cddb39ba58bb079bd5c6a8d6b931e261ad077a153a01ca,0xfbb1b73c4f0bda4f67dca266ce6ef42f520fbb98,0x7071f121c038a98f8a7d485648a27fcd48891ba8,0,0,call,0x,10.23543556,None
3894970,1497825319,0xae4fe9aba5c88f6fcbcba31c7900614bf4aca58876707f3c5d9922254d93115e,0xfbb1b73c4f0bda4f67dca266ce6ef42f520fbb98,0x7071f121c038a98f8a7d485648a27fcd48891ba8,0,0,call,0x,10.02847587,None
3895073,1497826822,0xa60af0eeefb14aebf7b9e66b02f96dbe0fb561c97d1b711b1f67f0b88eac79e5,0xfbb1b73c4f0bda4f67dca266ce6ef42f520fbb98,0x7071f121c038a98f8a7d485648a27fcd48891ba8,0,0,call,0x,32.355391260000005,None
3895267,1497830354,0xadea44bc8f1a223ec068d890f4337a581503d00398aa3a5bbda7eafa073afce6,0xfbb1b73c4f0bda4f67dca266ce6ef42f520fbb98,0x7071f121c038a98f8a7d485648a27fcd48891ba8,0,0,call,0x,9.44703763,None
3895427,1497832803,0x696844485c60bb609b2a40beb32cac6eaa2848ac677ad86b656b84fe515bc898,0xfbb1b73c4f0bda4f67dca266ce6ef42f520fbb98,0x7071f121c038a98f8a7d485648a27fcd48891ba8,0,0,call,0x,10.73615954,None
3896597,1497851665,0x4ed543315fe4e8bcde139bea7ce9c7c7a778e28ecd25d8b449df491fabc106dd,0xfbb1b73c4f0bda4f67dca266ce6ef42f520fbb98,0x7071f121c038a98f8a7d485648a27fcd48891ba8,0,0,call,0x,9.8108298,None
3896710,1497853407,0x9daaf38e75275da2bb3fa9a51cc6a86828f35d30ff9784a7ee3ccdd739d17d60,0xfbb1b73c4f0bda4f67dca266ce6ef42f520fbb98,0x7071f121c038a98f8a7d485648a27fcd48891ba8,0,0,call,0x,10.217872199999999,None
3897091,1497859188,0xdb97f7384567c04935eb5a6efa4ecc4cbd52285d0bbb4a2ec665f6144b6393c9,0xfbb1b73c4f0bda4f67dca266ce6ef42f520fbb98,0x7071f121c038a98f8a7d485648a27fcd48891ba8,0,0,call,0x,9.13834167,None
3897426,1497864710,0x6db4abcbcf57167ecdf1e35ef1cb9cca2200df1f97b4bab7db0496fd9a348be5,0xfbb1b73c4f0bda4f67dca266ce6ef42f520fbb98,0x7071f121c038a98f8a7d485648a27fcd48891ba8,0,0,call,0x,11.19534256,None
3897586,1497867271,0x2a07ecb4daf1677a6486ec821cd04f08f1784848b88d06fb3f7c4a02d1c58854,0xfbb1b73c4f0bda4f67dca266ce6ef42f520fbb98,0x7071f121c038a98f8a7d485648a27fcd48891ba8,0,0,call,0x,11.89213167,None
3897626,1497867856,0xec6f2f105e8fbbc6f352c76cddf17645165a5209a59250473dccb3a247336f66,0xfbb1b73c4f0bda4f67dca266ce6ef42f520fbb98,0x7071f121c038a98f8a7d485648a27fcd48891ba8,0,0,call,0x,10.0260026,None
3897634,1497867977,0xdcdce53198c6eefbbae769f028ec00d6b8d38f7b2affddf81bc5ddd6456b6d7d,0xfbb1b73c4f0bda4f67dca266ce6ef42f520fbb98,0x7071f121c038a98f8a7d485648a27fcd48891ba8,0,0,call,0x,8.34576608,None
3897736,1497869479,0xa3ec75690f4b2fa61a0c5f350066930eca17e9a041477e19ffada76d6df3167f,0xfbb1b73c4f0bda4f67dca266ce6ef42f520fbb98,0x7071f121c038a98f8a7d485648a27fcd48891ba8,0,0,call,0x,8.43817535,None
3897868,1497871878,0xdbb3b9647d5a6f6b7fba807170b95b219e785a73b8e201cfccbdc0198995ceb8,0xfbb1b73c4f0bda4f67dca266ce6ef42f520fbb98,0x7071f121c038a98f8a7d485648a27fcd48891ba8,0,0,call,0x,12.83723648,None
3897935,1497872997,0xe6b310751a000785e4fbc0c7c1280ae22cda4edbc4846184a803cdb7cfa95b54,0xfbb1b73c4f0bda4f67dca266ce6ef42f520fbb98,0x7071f121c038a98f8a7d485648a27fcd48891ba8,0,0,call,0x,9.51378357,None
3898033,1497874493,0x6172d1b08eaf50176bfe1180fdf6ac3b473dce3e27920dbffc50d9715fbf89e3,0xfbb1b73c4f0bda4f67dca266ce6ef42f520fbb98,0x7071f121c038a98f8a7d485648a27fcd48891ba8,0,0,call,0x,8.24687488,None
3898049,1497874812,0xbdf0a31f7dff2ac35f4e548a9bc76971d2615d379accf8e795b4f6812bfb12b5,0xfbb1b73c4f0bda4f67dca266ce6ef42f520fbb98,0x7071f121c038a98f8a7d485648a27fcd48891ba8,0,0,call,0x,37.47139420000001,None
3898110,1497875818,0x593b78d32847878725f2902ac2ad4842ac6f63110fccf7b24bf3e622a416094e,0xfbb1b73c4f0bda4f67dca266ce6ef42f520fbb98,0x7071f121c038a98f8a7d485648a27fcd48891ba8,0,0,call,0x,10.4983107,None
3898265,1497878189,0x882d69bcccf4bb4c3e3506e6d196e058d75e2f5867be87dcd5af8663efe0188d,0xfbb1b73c4f0bda4f67dca266ce6ef42f520fbb98,0x7071f121c038a98f8a7d485648a27fcd48891ba8,0,0,call,0x,9.5191399,None
3898328,1497879235,0xa6a4a532d550b0d13adaa84c408e7b0a2c599044d73af529feccf3c028cdf0dc,0xfbb1b73c4f0bda4f67dca266ce6ef42f520fbb98,0x7071f121c038a98f8a7d485648a27fcd48891ba8,0,0,call,0x,9.22471848,None
3898383,1497880241,0xe2cac9913e8785f45cee6754fab0ae92567383e42083a44c482ba74083f848eb,0xfbb1b73c4f0bda4f67dca266ce6ef42f520fbb98,0x7071f121c038a98f8a7d485648a27fcd48891ba8,0,0,call,0x,13.38395766,None
3898583,1497883533,0x9000cad8b9aa7f8f206caf679d06b08c73ae8035c046398e4434f341727f39b4,0xfbb1b73c4f0bda4f67dca266ce6ef42f520fbb98,0x7071f121c038a98f8a7d485648a27fcd48891ba8,0,0,call,0x,10.43796694,None
3898951,1497889169,0x1dd032b00ac9b734824d4ae958f3c45f88f2d2343ba5b06aa2cdd9fa37ab8889,0xfbb1b73c4f0bda4f67dca266ce6ef42f520fbb98,0x7071f121c038a98f8a7d485648a27fcd48891ba8,0,0,call,0x,8.05081571,None
3899252,1497893920,0xa3b0a4c226a04a14efd58d14a2e56e310bf38b534022da2a9a8147cefde8e93d,0xfbb1b73c4f0bda4f67dca266ce6ef42f520fbb98,0x7071f121c038a98f8a7d485648a27fcd48891ba8,0,0,call,0x,9.692183150000002,None
3899328,1497895182,0x9192441a32294158aac650ef664456de88cfc7771bbdd1647c4fe43beaa1aebf,0xfbb1b73c4f0bda4f67dca266ce6ef42f520fbb98,0x7071f121c038a98f8a7d485648a27fcd48891ba8,0,0,call,0x,8.09386409,None
3899454,1497897399,0xe3ba9e47c3d3ef166414d92266cf1260bd63818d2fb1b052ed1231fee476c2a1,0xfbb1b73c4f0bda4f67dca266ce6ef42f520fbb98,0x7071f121c038a98f8a7d485648a27fcd48891ba8,0,0,call,0x,16.57772031,None
3899560,1497899021,0xeafa9fab4e17232aaedbedc1dff5bf25b2a6207a55d4c2fc72a14b3be247ba7a,0xfbb1b73c4f0bda4f67dca266ce6ef42f520fbb98,0x7071f121c038a98f8a7d485648a27fcd48891ba8,0,0,call,0x,9.955753110000002,None
3899579,1497899329,0x784b1b17d739b9e22bdd46f6a039f88698cfc8bcf222d78e0d8c090ef381ac42,0xfbb1b73c4f0bda4f67dca266ce6ef42f520fbb98,0x7071f121c038a98f8a7d485648a27fcd48891ba8,0,0,call,0x,10.23286279,None
3899683,1497900972,0xd02f1ecc24afbafc9bfad23f2e50f83c5da709cfa3e16f1a18fd9b404110e4af,0xfbb1b73c4f0bda4f67dca266ce6ef42f520fbb98,0x7071f121c038a98f8a7d485648a27fcd48891ba8,0,0,call,0x,8.10904355,None
3899793,1497902870,0xe1eb221b5ed7015022c62b083633105e6264d5384072c27f754fc5ba3cc5a042,0xfbb1b73c4f0bda4f67dca266ce6ef42f520fbb98,0x7071f121c038a98f8a7d485648a27fcd48891ba8,0,0,call,0x,8.39829388,None
3899798,1497902900,0xd50cd8f719cd9ed85530c108e5e981d154b55ba35b3bb945c71fb17dde6d68fa,0xfbb1b73c4f0bda4f67dca266ce6ef42f520fbb98,0x7071f121c038a98f8a7d485648a27fcd48891ba8,0,0,call,0x,8.24340753,None
3900060,1497907058,0x2989117b444e131d3743a6779ca2ea599b7082262f449475ec1f6a5a21177533,0xfbb1b73c4f0bda4f67dca266ce6ef42f520fbb98,0x7071f121c038a98f8a7d485648a27fcd48891ba8,0,0,call,0x,8.91212761,None
3900100,1497907785,0x1ef5db4556338dd2deb0ee6979851608be9804a5d035d5a57e0d508d790aa9b8,0xfbb1b73c4f0bda4f67dca266ce6ef42f520fbb98,0x7071f121c038a98f8a7d485648a27fcd48891ba8,0,0,call,0x,17.41398446,None
3900299,1497911246,0x13e1f27f34382b529978cfc4fee9627c4ceff27fa08791bb0d3cfd8e97513a0c,0xfbb1b73c4f0bda4f67dca266ce6ef42f520fbb98,0x7071f121c038a98f8a7d485648a27fcd48891ba8,0,0,call,0x,15.33431851,None
3900377,1497912701,0xc53fd79d7d140503b6581ff879736ce5616c0087a12b62d5b71c42c0f8fd8d84,0xfbb1b73c4f0bda4f67dca266ce6ef42f520fbb98,0x7071f121c038a98f8a7d485648a27fcd48891ba8,0,0,call,0x,8.51589167,None
3900855,1497920388,0x9ab50bea7fe30092e10043a8ef92504656b4c3f5a73f89dc27e1708128d528ff,0xfbb1b73c4f0bda4f67dca266ce6ef42f520fbb98,0x7071f121c038a98f8a7d485648a27fcd48891ba8,0,0,call,0x,9.86286704,None
3902375,1497947134,0x3d2fe7aa81e5fe4cb8d6edfd765123af9f9a8684d5a0663dbac198e962045fa5,0xfbb1b73c4f0bda4f67dca266ce6ef42f520fbb98,0x7071f121c038a98f8a7d485648a27fcd48891ba8,0,0,call,0x,27.260063740000003,None
3902422,1497948155,0x31a9bec05972a7c82f3be73ba0ea46906d6736f7538c8fa229c93a538249c84f,0xfbb1b73c4f0bda4f67dca266ce6ef42f520fbb98,0x7071f121c038a98f8a7d485648a27fcd48891ba8,0,0,call,0x,9.97169981,None
3902500,1497949484,0x0e19b4af268f26ad49adbb44e2da4240bce276ba4a32a33453a44e62f01b5bde,0xfbb1b73c4f0bda4f67dca266ce6ef42f520fbb98,0x7071f121c038a98f8a7d485648a27fcd48891ba8,0,0,call,0x,14.89888853,None
3902561,1497950460,0x8b2a91abc2307e74eb31b9fb8b14f18e2ec792babb8fed9994dc370f005e41e5,0xfbb1b73c4f0bda4f67dca266ce6ef42f520fbb98,0x7071f121c038a98f8a7d485648a27fcd48891ba8,0,0,call,0x,11.77197643,None
3902609,1497951333,0xbdd445f03072de227521bfe459a6bf0140f7f2a0bbcb2189d5a22dc9ec2aa18d,0xfbb1b73c4f0bda4f67dca266ce6ef42f520fbb98,0x7071f121c038a98f8a7d485648a27fcd48891ba8,0,0,call,0x,10.674907569999998,None
3902775,1497954427,0x5c5a9c43b51eab6d945a16154ae88cf64ae3d7409fea24a49b2fe2b746d7be4e,0xfbb1b73c4f0bda4f67dca266ce6ef42f520fbb98,0x7071f121c038a98f8a7d485648a27fcd48891ba8,0,0,call,0x,10.368942249999998,None
3902946,1497957290,0x7dac0045a8b54c2f33a399c0ce4d706fa8883f6afb8913033e17c3ae0e261e56,0xfbb1b73c4f0bda4f67dca266ce6ef42f520fbb98,0x7071f121c038a98f8a7d485648a27fcd48891ba8,0,0,call,0x,8.36617962,None
3903132,1497960327,0xf5c8a2be48ded4f3f27e2de1e37e87f7d66d905ead8ddab2746001f05bd66132,0xfbb1b73c4f0bda4f67dca266ce6ef42f520fbb98,0x7071f121c038a98f8a7d485648a27fcd48891ba8,0,0,call,0x,11.97279218,None
3903212,1497961988,0x6525b34ec97677bfc2bd7bdc8c071c4d1b06259b0a6b9608430626055d0587e3,0xfbb1b73c4f0bda4f67dca266ce6ef42f520fbb98,0x7071f121c038a98f8a7d485648a27fcd48891ba8,0,0,call,0x,9.49611308,None
3903213,1497961991,0xaacfaa60e0f284e42689efbf2e0ae3d914d993fca40d7610eee5990fafe083a6,0xfbb1b73c4f0bda4f67dca266ce6ef42f520fbb98,0x7071f121c038a98f8a7d485648a27fcd48891ba8,0,0,call,0x,11.50101026,None
3903360,1497964281,0x6162b057b465265c789652996869890a17dee925b5661ca343c9a54a69d51d80,0xfbb1b73c4f0bda4f67dca266ce6ef42f520fbb98,0x7071f121c038a98f8a7d485648a27fcd48891ba8,0,0,call,0x,10.77144563,None
3908501,1498054513,0xbb4b3cdfd58cd46f2c240ef6894365048fe1a66924c20acefcc9e1df3ea23432,0xfbb1b73c4f0bda4f67dca266ce6ef42f520fbb98,0x7071f121c038a98f8a7d485648a27fcd48891ba8,0,0,call,0x,10.236651199999999,None
3908626,1498056728,0xeef67c05ff31d88a04b99483e10f0a37684ab2293e13f75bcc77222b094a2eda,0xfbb1b73c4f0bda4f67dca266ce6ef42f520fbb98,0x7071f121c038a98f8a7d485648a27fcd48891ba8,0,0,call,0x,10.10187798,None
3908626,1498056728,0x7d1aca89a84104309d0a9e6c921bc824523d439f200ed3822049a8f7efe9f737,0xfbb1b73c4f0bda4f67dca266ce6ef42f520fbb98,0x7071f121c038a98f8a7d485648a27fcd48891ba8,0,0,call,0x,16.39478969,None
3908635,1498056873,0xe215c87f534250e06a9972a70eb9757f2f93afa1912bacc0f6591fa3ed34ae43,0xfbb1b73c4f0bda4f67dca266ce6ef42f520fbb98,0x7071f121c038a98f8a7d485648a27fcd48891ba8,0,0,call,0x,15.34881316,None
3908641,1498057029,0xe52a646e06cc079aa8ed5569557fe848f42261e8c3bb7071d6c9f0529b16aa98,0xfbb1b73c4f0bda4f67dca266ce6ef42f520fbb98,0x7071f121c038a98f8a7d485648a27fcd48891ba8,0,0,call,0x,20.9877721,None
3908641,1498057029,0x7ad07d7655c846dcfd3f4ebd2a60ae33e3a5c8f2108b1f12808b5df0db23f343,0xfbb1b73c4f0bda4f67dca266ce6ef42f520fbb98,0x7071f121c038a98f8a7d485648a27fcd48891ba8,0,0,call,0x,14.252407969999998,None
3908648,1498057187,0x10186d909b102e9fcb22287f500272880dd4491bd374644dd4100e65a9ddab55,0xfbb1b73c4f0bda4f67dca266ce6ef42f520fbb98,0x7071f121c038a98f8a7d485648a27fcd48891ba8,0,0,call,0x,11.10498678,None
3908655,1498057368,0x7fff4ccf026551d93f2b9cefb45859721938cdb37ba6aac984f8b754f83a5540,0xfbb1b73c4f0bda4f67dca266ce6ef42f520fbb98,0x7071f121c038a98f8a7d485648a27fcd48891ba8,0,0,call,0x,41.34437835,None
3908655,1498057368,0xa420cb5fe2241ad68408625dd9dc4fc9d43d375578feda616269caa9981ec305,0xfbb1b73c4f0bda4f67dca266ce6ef42f520fbb98,0x7071f121c038a98f8a7d485648a27fcd48891ba8,0,0,call,0x,12.3199079,None
3908659,1498057484,0x1576742e19caf3008e715d14546ab88425b2a97bd3e895241eef2676f562df38,0xfbb1b73c4f0bda4f67dca266ce6ef42f520fbb98,0x7071f121c038a98f8a7d485648a27fcd48891ba8,0,0,call,0x,26.67014388,None
3908670,1498057657,0x0816e9065b6e0a0476786f61a19c2bf5216eb362ce86cc85dee613b170b5506b,0xfbb1b73c4f0bda4f67dca266ce6ef42f520fbb98,0x7071f121c038a98f8a7d485648a27fcd48891ba8,0,0,call,0x,10.76858006,None
3908678,1498057780,0x0f4a9c5660f8c9b4d7805141165f68e3718f80fd8ab9dec2088d2aa1eaa989e6,0xfbb1b73c4f0bda4f67dca266ce6ef42f520fbb98,0x7071f121c038a98f8a7d485648a27fcd48891ba8,0,0,call,0x,15.400616670000002,None
3908693,1498058054,0x015de311b18c85c95cfb3e74fd1ac7f791ee32e07b4842ee830fc987741049f7,0xfbb1b73c4f0bda4f67dca266ce6ef42f520fbb98,0x7071f121c038a98f8a7d485648a27fcd48891ba8,0,0,call,0x,60.51189912,None
3908695,1498058075,0x17b227188fe7ce2d59a09f7ed2766763b5382c5017a7149dfecfdee9b88c6523,0xfbb1b73c4f0bda4f67dca266ce6ef42f520fbb98,0x7071f121c038a98f8a7d485648a27fcd48891ba8,0,0,call,0x,14.202672710000002,None
3908695,1498058075,0xbbb652d6d334f3291df24119853f601ca5f3810714ba0e5791659c581d58ff74,0xfbb1b73c4f0bda4f67dca266ce6ef42f520fbb98,0x7071f121c038a98f8a7d485648a27fcd48891ba8,0,0,call,0x,13.88648655,None
3908712,1498058327,0xd77d72ce4bff6546360fd983a93da27b65221f613229192b3e2ee83a067a0ad5,0xfbb1b73c4f0bda4f67dca266ce6ef42f520fbb98,0x7071f121c038a98f8a7d485648a27fcd48891ba8,0,0,call,0x,33.15655954,None
3908719,1498058443,0xe443169c66526defdeba6105dd470482f910d72253f431b65d7b9c35b775da30,0xfbb1b73c4f0bda4f67dca266ce6ef42f520fbb98,0x7071f121c038a98f8a7d485648a27fcd48891ba8,0,0,call,0x,17.63924952,None
3908734,1498058556,0x482e85fccfa836f9d9a4cede9826fd01ae1cb025c1625ced93514d454cc7fc61,0xfbb1b73c4f0bda4f67dca266ce6ef42f520fbb98,0x7071f121c038a98f8a7d485648a27fcd48891ba8,0,0,call,0x,11.35663074,None
3908748,1498058760,0xd196107a9a8a8925161de0c7366809686ecfb13c2f3568acd8b9355a2b1f1d98,0xfbb1b73c4f0bda4f67dca266ce6ef42f520fbb98,0x7071f121c038a98f8a7d485648a27fcd48891ba8,0,0,call,0x,56.40308566,None
3908756,1498058872,0xfeffe49d71101e4ab71c65e74217801700d45bdf58ef767cbb4bb16284f29baf,0xfbb1b73c4f0bda4f67dca266ce6ef42f520fbb98,0x7071f121c038a98f8a7d485648a27fcd48891ba8,0,0,call,0x,22.49467176,None
3908806,1498059731,0xb8194158a345f9908c8a8353d437cccd57702d2590722d126055ebf52c930955,0xfbb1b73c4f0bda4f67dca266ce6ef42f520fbb98,0x7071f121c038a98f8a7d485648a27fcd48891ba8,0,0,call,0x,16.748233470000002,None
3908929,1498061829,0xdf5af6293c3f93420cf375b43f83cf4fbb7f90920c82e95805b4436c1df54ee0,0xfbb1b73c4f0bda4f67dca266ce6ef42f520fbb98,0x7071f121c038a98f8a7d485648a27fcd48891ba8,0,0,call,0x,14.03455407,None
3908974,1498062752,0x3729118745c1f0f55d318e7967852a91d7325a10b929a0b082ccd3159019263e,0xfbb1b73c4f0bda4f67dca266ce6ef42f520fbb98,0x7071f121c038a98f8a7d485648a27fcd48891ba8,0,0,call,0x,10.829708169999998,None
3909104,1498064984,0x79a359c027e5be600f3b38b1b87c675a488ec6ede5085c49bde8f93e6fb12b32,0xfbb1b73c4f0bda4f67dca266ce6ef42f520fbb98,0x7071f121c038a98f8a7d485648a27fcd48891ba8,0,0,call,0x,14.89943056,None
3909189,1498066731,0x6bb1b40d04b80aeccb60850777d6218ba3316bd59979b1188cc9a6014223a570,0xfbb1b73c4f0bda4f67dca266ce6ef42f520fbb98,0x7071f121c038a98f8a7d485648a27fcd48891ba8,0,0,call,0x,11.94994174,None
3909194,1498066861,0xf44dcb5593b55afdd88466233b7fddcb5153074414bb8f192e26d82161c7c306,0xfbb1b73c4f0bda4f67dca266ce6ef42f520fbb98,0x7071f121c038a98f8a7d485648a27fcd48891ba8,0,0,call,0x,16.33667688,None
3909202,1498067072,0x6e7639c41aeb3cae835bdbe467723a6299519a57b78c7b9c219a53c439532e20,0xfbb1b73c4f0bda4f67dca266ce6ef42f520fbb98,0x7071f121c038a98f8a7d485648a27fcd48891ba8,0,0,call,0x,15.57588823,None
3909257,1498067882,0xd36f20091aff3e9ba608e1415308275349093c72deb328e22b1019173859d339,0xfbb1b73c4f0bda4f67dca266ce6ef42f520fbb98,0x7071f121c038a98f8a7d485648a27fcd48891ba8,0,0,call,0x,42.56947054000001,None
3909288,1498068496,0xbef243b4626e31eb366b2c6c498ae66d722443a8d993feae1066c6cbbb340f08,0xfbb1b73c4f0bda4f67dca266ce6ef42f520fbb98,0x7071f121c038a98f8a7d485648a27fcd48891ba8,0,0,call,0x,9.78897661,None
3909290,1498068568,0x6fb9e09a8131483f6c14eadb4844b4e522c86831561725bbad53fa08b7b6343e,0xfbb1b73c4f0bda4f67dca266ce6ef42f520fbb98,0x7071f121c038a98f8a7d485648a27fcd48891ba8,0,0,call,0x,8.77169996,None
3909398,1498070855,0x97d6749e2f72a874678f2a263792aaff543114c0f33199e1170c9879c6cf8924,0xfbb1b73c4f0bda4f67dca266ce6ef42f520fbb98,0x7071f121c038a98f8a7d485648a27fcd48891ba8,0,0,call,0x,10.124797870000002,None
3909441,1498071614,0xfe4ad8ceb8431824425a260ba808218c591df6af671a45a95cd9dad8a4bad0c8,0xfbb1b73c4f0bda4f67dca266ce6ef42f520fbb98,0x7071f121c038a98f8a7d485648a27fcd48891ba8,0,0,call,0x,8.187263,None
3909441,1498071614,0x9afe28bdb14c80cb680f037f5363660eed27431ed6d41eb30373d6d3fe50fde9,0xfbb1b73c4f0bda4f67dca266ce6ef42f520fbb98,0x7071f121c038a98f8a7d485648a27fcd48891ba8,0,0,call,0x,8.88210235,None
3909495,1498072623,0xf1a9e814f64817266a7b9a81520e6b338227382db9772fa621c9149c86d745ab,0xfbb1b73c4f0bda4f67dca266ce6ef42f520fbb98,0x7071f121c038a98f8a7d485648a27fcd48891ba8,0,0,call,0x,9.383973329999998,None
3909501,1498072781,0x9c62fc399f1842c6615a32b487cc82272eb94f68c5b80b526c6caa55217f3469,0xfbb1b73c4f0bda4f67dca266ce6ef42f520fbb98,0x7071f121c038a98f8a7d485648a27fcd48891ba8,0,0,call,0x,9.92708429,None
3909523,1498073137,0x59a5c1ab4d068d47cb9e320fed33147e322781989bf12449c96d7ee459d7aa45,0xfbb1b73c4f0bda4f67dca266ce6ef42f520fbb98,0x7071f121c038a98f8a7d485648a27fcd48891ba8,0,0,call,0x,15.71004038,None
3909550,1498073884,0x2ecad076cc3693abcdffe1e5704f459e6d3ba2751d015c945a3be72ecc63352a,0xfbb1b73c4f0bda4f67dca266ce6ef42f520fbb98,0x7071f121c038a98f8a7d485648a27fcd48891ba8,0,0,call,0x,8.03393711,None
3909620,1498075062,0x601c8b32a1a1a20b13d1f33a446cd65087258b2ebbf401a78eb58d45f21e5816,0xfbb1b73c4f0bda4f67dca266ce6ef42f520fbb98,0x7071f121c038a98f8a7d485648a27fcd48891ba8,0,0,call,0x,17.15046267,None
3909659,1498075864,0xc3883b49d8efc89e1c9dd1ecbd9423c37196ebf381c5aecff1c6cfa9c533895f,0xfbb1b73c4f0bda4f67dca266ce6ef42f520fbb98,0x7071f121c038a98f8a7d485648a27fcd48891ba8,0,0,call,0x,12.13445466,None
3909731,1498077025,0x4d4dbfd2b563eb8397d70680bda591903a9923393b28e14757036b1e723fb16b,0xfbb1b73c4f0bda4f67dca266ce6ef42f520fbb98,0x7071f121c038a98f8a7d485648a27fcd48891ba8,0,0,call,0x,10.58675224,None
3909770,1498077688,0xab0df10677f8129ea0be29365956b4f953deb3f7763f0799f775160e83b0eef7,0xfbb1b73c4f0bda4f67dca266ce6ef42f520fbb98,0x7071f121c038a98f8a7d485648a27fcd48891ba8,0,0,call,0x,26.49673113,None
3909790,1498078018,0x20d1fbd05a82568af11f09160b9891e74b46bf0a6531fbdc63cd42f458223e34,0xfbb1b73c4f0bda4f67dca266ce6ef42f520fbb98,0x7071f121c038a98f8a7d485648a27fcd48891ba8,0,0,call,0x,10.52611746,None
3909869,1498079289,0xeae9c6f5a805093db65b00ec372a6f891e64904c1fa6efe69b5b0e886ad7475e,0xfbb1b73c4f0bda4f67dca266ce6ef42f520fbb98,0x7071f121c038a98f8a7d485648a27fcd48891ba8,0,0,call,0x,11.11473227,None
3909912,1498080094,0x7ec871417bcb1e5f31d97005022d79689980cb03d5ffb0ed59c96564f275fa10,0xfbb1b73c4f0bda4f67dca266ce6ef42f520fbb98,0x7071f121c038a98f8a7d485648a27fcd48891ba8,0,0,call,0x,10.58843927,None
3909919,1498080210,0xa9745dc88190181885238654ea4556ccd306502e2670201622ec6309e547b241,0xfbb1b73c4f0bda4f67dca266ce6ef42f520fbb98,0x7071f121c038a98f8a7d485648a27fcd48891ba8,0,0,call,0x,12.60101818,None
3909934,1498080549,0xdf5144ba251f8b02c92dbc30de35bc695e77e4faa5e2322a9234c3f97c3707cf,0xfbb1b73c4f0bda4f67dca266ce6ef42f520fbb98,0x7071f121c038a98f8a7d485648a27fcd48891ba8,0,0,call,0x,12.54608711,None
3909940,1498080636,0xff8260d5442c91ea05e010c36c28cf228be9c85b4e8f4986b837829b3b5b0963,0xfbb1b73c4f0bda4f67dca266ce6ef42f520fbb98,0x7071f121c038a98f8a7d485648a27fcd48891ba8,0,0,call,0x,8.4103177,None
3909973,1498081134,0xfa9582de50dd7283cce1f64a71871683734f714081ecc53bb47f11eea9223e4a,0xfbb1b73c4f0bda4f67dca266ce6ef42f520fbb98,0x7071f121c038a98f8a7d485648a27fcd48891ba8,0,0,call,0x,15.09478255,None
3910029,1498082002,0x0aa580b6d1e7f87ab4bfadf69eb7c888f8a41abd19aebb53cdac741fac07c9f3,0xfbb1b73c4f0bda4f67dca266ce6ef42f520fbb98,0x7071f121c038a98f8a7d485648a27fcd48891ba8,0,0,call,0x,11.83198958,None
3910047,1498082275,0x2ae7235f118bb18ec5318c232de9f237e1ea36e3589e089e9a21de0aa7bce99f,0xfbb1b73c4f0bda4f67dca266ce6ef42f520fbb98,0x7071f121c038a98f8a7d485648a27fcd48891ba8,0,0,call,0x,10.05350143,None
3910054,1498082424,0x1ca242fe5b9fe7220592c03fcc49c4c18044d4ffab2714e5e03d83701981107d,0xfbb1b73c4f0bda4f67dca266ce6ef42f520fbb98,0x7071f121c038a98f8a7d485648a27fcd48891ba8,0,0,call,0x,21.65058788,None
3910075,1498082773,0x76ea1689f4a12d5e93a42ed742272e8cbd12f01b8c582fe3e38c505799c06cd9,0xfbb1b73c4f0bda4f67dca266ce6ef42f520fbb98,0x7071f121c038a98f8a7d485648a27fcd48891ba8,0,0,call,0x,8.429202,None
3910133,1498083761,0x6ddb96657eae11ed44708d8c2588a7559c48ca282319048c30147e9eb0b7ff03,0xfbb1b73c4f0bda4f67dca266ce6ef42f520fbb98,0x7071f121c038a98f8a7d485648a27fcd48891ba8,0,0,call,0x,9.40601173,None
3910171,1498084377,0xce288241b29e5f12094df60bfcccd178c1e6e7993a454c127161963fb6cb7fe1,0xfbb1b73c4f0bda4f67dca266ce6ef42f520fbb98,0x7071f121c038a98f8a7d485648a27fcd48891ba8,0,0,call,0x,18.865284300000006,None
3910189,1498084728,0xf4f604ebf2b73701a9c8d805e13f82ae9020127b09bd2f0b90472547c9f275fa,0xfbb1b73c4f0bda4f67dca266ce6ef42f520fbb98,0x7071f121c038a98f8a7d485648a27fcd48891ba8,0,0,call,0x,13.77212434,None
3910196,1498084861,0x13b522bed8e083760a38351f3eb968999e84bf1eff405fde851dc8f9eb76d363,0xfbb1b73c4f0bda4f67dca266ce6ef42f520fbb98,0x7071f121c038a98f8a7d485648a27fcd48891ba8,0,0,call,0x,39.48440771,None
3910268,1498086288,0x65b950462be84870d8a38ab7f5a2bd0cb6922938985d7635062a9e42c0599ff2,0xfbb1b73c4f0bda4f67dca266ce6ef42f520fbb98,0x7071f121c038a98f8a7d485648a27fcd48891ba8,0,0,call,0x,8.82556953,None
3910380,1498088198,0x26c2b720716351f3aca8ac000af89ea2720b79d623a6a0d4a5e5a6cc749243f3,0xfbb1b73c4f0bda4f67dca266ce6ef42f520fbb98,0x7071f121c038a98f8a7d485648a27fcd48891ba8,0,0,call,0x,8.57358446,None
3910405,1498088630,0xe5532c4e0feac5786d69f1cb82904ef1b4d8a6240333b892381e0a7a10aa026b,0xfbb1b73c4f0bda4f67dca266ce6ef42f520fbb98,0x7071f121c038a98f8a7d485648a27fcd48891ba8,0,0,call,0x,21.880681820000003,None
3910452,1498089391,0x5ed4207d8ec48be90746fac3845c8909c0b2d1ff22263174f48c685e69225f5f,0xfbb1b73c4f0bda4f67dca266ce6ef42f520fbb98,0x7071f121c038a98f8a7d485648a27fcd48891ba8,0,0,call,0x,9.73282782,None
3912104,1498117724,0x985f267fa8014909910b27d166c95bddc1a93964c432b1d8b252a32ea22dc9df,0xfbb1b73c4f0bda4f67dca266ce6ef42f520fbb98,0x7071f121c038a98f8a7d485648a27fcd48891ba8,0,0,call,0x,9.25189583,None
3912164,1498118885,0x3414a032bca38caedb285ea882aa8e7b274485d77342d771402119996d6933c3,0xfbb1b73c4f0bda4f67dca266ce6ef42f520fbb98,0x7071f121c038a98f8a7d485648a27fcd48891ba8,0,0,call,0x,11.39129645,None
3912203,1498119608,0xfcc7e6a6985f99729079bb484d8be01709c7d880ef16a5d4f08b20d71e3b1893,0xfbb1b73c4f0bda4f67dca266ce6ef42f520fbb98,0x7071f121c038a98f8a7d485648a27fcd48891ba8,0,0,call,0x,14.966869500000001,None
3912231,1498120135,0x99fd4cb573bfc1eb6b3d715e0db29ffb527d2720be3f83c29908770f9549f203,0xfbb1b73c4f0bda4f67dca266ce6ef42f520fbb98,0x7071f121c038a98f8a7d485648a27fcd48891ba8,0,0,call,0x,8.38135587,None
3912319,1498121795,0xf7b4ff5bd0e0691d7f67187aaf6feb39125512635a7b5e4697ab598e976becc3,0xfbb1b73c4f0bda4f67dca266ce6ef42f520fbb98,0x7071f121c038a98f8a7d485648a27fcd48891ba8,0,0,call,0x,9.67015842,None
3912341,1498122208,0xd82e4b0ea53e03558bf9a15a316c0d52496dc6896229e6d72fa0e394142afda1,0xfbb1b73c4f0bda4f67dca266ce6ef42f520fbb98,0x7071f121c038a98f8a7d485648a27fcd48891ba8,0,0,call,0x,9.62069136,None
3912473,1498124259,0x26901315368c8b9123d9399dcffcd9ade6fd536f13ee8604d935e7ac48638872,0xfbb1b73c4f0bda4f67dca266ce6ef42f520fbb98,0x7071f121c038a98f8a7d485648a27fcd48891ba8,0,0,call,0x,9.47255531,None
3912545,1498125490,0x8cc3c780808b5828f17cdf930e27c4bd5c299aa3840b77ac81467b3488a62d88,0xfbb1b73c4f0bda4f67dca266ce6ef42f520fbb98,0x7071f121c038a98f8a7d485648a27fcd48891ba8,0,0,call,0x,13.34737024,None
3912617,1498126773,0x4e46e5ff3f0a064a2b4414731bd0e940e90bed5446c26fd7aa583623a0e86851,0xfbb1b73c4f0bda4f67dca266ce6ef42f520fbb98,0x7071f121c038a98f8a7d485648a27fcd48891ba8,0,0,call,0x,8.96870587,None
3912805,1498130333,0x1ec8c8c72f8363c22d8d214564cded9c294e57334aa70bd21b4b6a4ebfe4b23b,0xfbb1b73c4f0bda4f67dca266ce6ef42f520fbb98,0x7071f121c038a98f8a7d485648a27fcd48891ba8,0,0,call,0x,18.30156429,None
3912884,1498131758,0xf561c7645acac3b03e9c4474368471b1cfcdd7b6f0e4cbb5082a2ac4491d4c32,0xfbb1b73c4f0bda4f67dca266ce6ef42f520fbb98,0x7071f121c038a98f8a7d485648a27fcd48891ba8,0,0,call,0x,8.4001894,None
3912926,1498132587,0xec418d9ed56d356f1a27a590993747d45cf3275507bf0378c901cb367e08b5ec,0xfbb1b73c4f0bda4f67dca266ce6ef42f520fbb98,0x7071f121c038a98f8a7d485648a27fcd48891ba8,0,0,call,0x,11.55374858,None
3912951,1498133027,0xcbd4b0a6fd5537016bf2c8693cdc56d8223b5c9a8a0de91787ca97ca864b5791,0xfbb1b73c4f0bda4f67dca266ce6ef42f520fbb98,0x7071f121c038a98f8a7d485648a27fcd48891ba8,0,0,call,0x,8.41866197,None
3913039,1498134374,0xd04ece51f43fdb1985995a1bdd0b913cd3a79059b49a72d56bdd08514f9b7a61,0xfbb1b73c4f0bda4f67dca266ce6ef42f520fbb98,0x7071f121c038a98f8a7d485648a27fcd48891ba8,0,0,call,0x,19.15782681,None
3913168,1498136761,0xf9099d4983e65e8738dd2fbe094f06b86258d553034a777172e6aaf6dec20bd6,0xfbb1b73c4f0bda4f67dca266ce6ef42f520fbb98,0x7071f121c038a98f8a7d485648a27fcd48891ba8,0,0,call,0x,9.34149136,None
3913223,1498137734,0xde942dd38300328e6a248518eb0e51ad671504f909d5d2dc09e848254cc21432,0xfbb1b73c4f0bda4f67dca266ce6ef42f520fbb98,0x7071f121c038a98f8a7d485648a27fcd48891ba8,0,0,call,0x,8.5903103,None
3913268,1498138528,0x463df9614fcbd357bc754c305b945ee592a92e8f1286d586429a71df194cec1d,0xfbb1b73c4f0bda4f67dca266ce6ef42f520fbb98,0x7071f121c038a98f8a7d485648a27fcd48891ba8,0,0,call,0x,8.78087556,None
3913316,1498139421,0xe3aa97ec1a424563d9bede21f5f82835f6e79eba11ce987f6f3eecf677ff41cf,0xfbb1b73c4f0bda4f67dca266ce6ef42f520fbb98,0x7071f121c038a98f8a7d485648a27fcd48891ba8,0,0,call,0x,8.17633731,None
3913483,1498142587,0xd2358f82ea9cc7d46320116d68d837e157db17c23acf8b72f0d6d85ca8267749,0xfbb1b73c4f0bda4f67dca266ce6ef42f520fbb98,0x7071f121c038a98f8a7d485648a27fcd48891ba8,0,0,call,0x,10.52208157,None
3913576,1498144571,0x7fa00c8378c103fee95e4903c298638c6522f68aeefe58be09e0ca85e233a324,0xfbb1b73c4f0bda4f67dca266ce6ef42f520fbb98,0x7071f121c038a98f8a7d485648a27fcd48891ba8,0,0,call,0x,9.436749550000002,None
3913614,1498145233,0x76b72d94f83cfcf2b2c5efdf77737bdc87e57acfe910f2247a3abbd08e327f49,0xfbb1b73c4f0bda4f67dca266ce6ef42f520fbb98,0x7071f121c038a98f8a7d485648a27fcd48891ba8,0,0,call,0x,9.57975922,None
3913640,1498145698,0x409c646c08745486ed8e623b3afdd50b49302bf818873b9eb38c37943e444805,0xfbb1b73c4f0bda4f67dca266ce6ef42f520fbb98,0x7071f121c038a98f8a7d485648a27fcd48891ba8,0,0,call,0x,8.67998902,None
3913840,1498149207,0x3170e0f6203ed02d9c763890384b27c325dca9ce6584f124464d0ca5b78c6fec,0xfbb1b73c4f0bda4f67dca266ce6ef42f520fbb98,0x7071f121c038a98f8a7d485648a27fcd48891ba8,0,0,call,0x,9.290341649999998,None
3913994,1498151790,0x0eee4d1343ad9524eeba408392222674bcbd33d8f6dfe5f6f4da03bca6c8f7ed,0xfbb1b73c4f0bda4f67dca266ce6ef42f520fbb98,0x7071f121c038a98f8a7d485648a27fcd48891ba8,0,0,call,0x,10.210867790000002,None
3914077,1498153389,0x76ba2667984442d8a0ce842523d015642263ffb21bab9d6f4ca86e3a090e59a4,0xfbb1b73c4f0bda4f67dca266ce6ef42f520fbb98,0x7071f121c038a98f8a7d485648a27fcd48891ba8,0,0,call,0x,9.784317969999998,None
3914170,1498154858,0x7ac4e3e3970500f92ff52e69c59c9a4b5b2d71d412d9da5addc244ff917de369,0xfbb1b73c4f0bda4f67dca266ce6ef42f520fbb98,0x7071f121c038a98f8a7d485648a27fcd48891ba8,0,0,call,0x,9.64377062,None
3914400,1498158915,0xb57bb5dfa0d711a8b21a77c1cc6526e93006d33747b6469c2c57788834bfa278,0xfbb1b73c4f0bda4f67dca266ce6ef42f520fbb98,0x7071f121c038a98f8a7d485648a27fcd48891ba8,0,0,call,0x,8.99177303,None
3914578,1498161994,0x20e781d28cc0a31264fecfad9dc310c903a8014ce0aceaccd1df7460eced476f,0xfbb1b73c4f0bda4f67dca266ce6ef42f520fbb98,0x7071f121c038a98f8a7d485648a27fcd48891ba8,0,0,call,0x,9.340913769999998,None
3914791,1498165674,0x18fab4fbc4e3cf4e5f9f8d527019f22a2fcd90128e23d62225e0367c2eabdfcf,0xfbb1b73c4f0bda4f67dca266ce6ef42f520fbb98,0x7071f121c038a98f8a7d485648a27fcd48891ba8,0,0,call,0x,8.00944123,None
3914816,1498166183,0xe69f1819a1a081bc1e495d1fe7f7ef57d8feb94bca99de5b4fc1acdc0075126e,0xfbb1b73c4f0bda4f67dca266ce6ef42f520fbb98,0x7071f121c038a98f8a7d485648a27fcd48891ba8,0,0,call,0x,9.33440056,None
3914967,1498168568,0xf16d2837b2de0ffa02fd9ef53fb3f4ef78e4d681e4203e9ebedaf0d8698f5666,0xfbb1b73c4f0bda4f67dca266ce6ef42f520fbb98,0x7071f121c038a98f8a7d485648a27fcd48891ba8,0,0,call,0x,9.25205448,None
3916154,1498189865,0x8c68aabaa5f9afe83fce1848a59ed7c8d8cfee3bffcd47d548738b8d7dfc9489,0xfbb1b73c4f0bda4f67dca266ce6ef42f520fbb98,0x7071f121c038a98f8a7d485648a27fcd48891ba8,0,0,call,0x,12.57328688,None
3916461,1498195347,0x4aaec7643a7bda10f455aea4bb3bb830279bcf0c0fa1e19ac50844d43fb14150,0xfbb1b73c4f0bda4f67dca266ce6ef42f520fbb98,0x7071f121c038a98f8a7d485648a27fcd48891ba8,0,0,call,0x,10.47969966,None
3916574,1498197179,0x851d975dcdec3557e64bcf20d3e9b614ef97cd618ce5c357432aef836c696665,0xfbb1b73c4f0bda4f67dca266ce6ef42f520fbb98,0x7071f121c038a98f8a7d485648a27fcd48891ba8,0,0,call,0x,8.11632139,None
3916878,1498202637,0x3d640460eeccb151f81a7f196af08eb5911be31ed735f3032f7d26f6524a6688,0xfbb1b73c4f0bda4f67dca266ce6ef42f520fbb98,0x7071f121c038a98f8a7d485648a27fcd48891ba8,0,0,call,0x,8.26447175,None
3917092,1498206261,0xcf8ded64bdfd1b95a475ab9dab3783fc6a0eb9eca8195dcf844817a9e9fd8ceb,0xfbb1b73c4f0bda4f67dca266ce6ef42f520fbb98,0x7071f121c038a98f8a7d485648a27fcd48891ba8,0,0,call,0x,8.76673486,None
3917122,1498206878,0x0eff092c684f36502b3a746cd3b68471a6ef484004f6ae4f24037876ff8dd7f9,0xfbb1b73c4f0bda4f67dca266ce6ef42f520fbb98,0x7071f121c038a98f8a7d485648a27fcd48891ba8,0,0,call,0x,15.35112746,None
3917203,1498208393,0xdeebae6644008439766a3e33f7bb9ace059eea2e7ee9ee3de464a33acaff97e0,0xfbb1b73c4f0bda4f67dca266ce6ef42f520fbb98,0x7071f121c038a98f8a7d485648a27fcd48891ba8,0,0,call,0x,9.1187584,None
3917288,1498209769,0x0b7d96511a24b2446e1e95bf37c797fff266de6f15fedf8ff7f4011dbc29ba12,0xfbb1b73c4f0bda4f67dca266ce6ef42f520fbb98,0x7071f121c038a98f8a7d485648a27fcd48891ba8,0,0,call,0x,8.46501026,None
3917386,1498211349,0x0a8cae32aba4a172cad0b0768fc36dfc7e7a75308d986f8b699c38d584292c2c,0xfbb1b73c4f0bda4f67dca266ce6ef42f520fbb98,0x7071f121c038a98f8a7d485648a27fcd48891ba8,0,0,call,0x,15.997958529999998,None
3917519,1498213712,0xd5f4e062eb2ec94469bb461c2804f89a5a2a63b087b2e08e13b948e9dcd428bc,0xfbb1b73c4f0bda4f67dca266ce6ef42f520fbb98,0x7071f121c038a98f8a7d485648a27fcd48891ba8,0,0,call,0x,8.96676117,None
3917691,1498216737,0x8be56d9646cb34b4dd8e161eb6ef518a5b68734c346a57343283f26cb0a065ed,0xfbb1b73c4f0bda4f67dca266ce6ef42f520fbb98,0x7071f121c038a98f8a7d485648a27fcd48891ba8,0,0,call,0x,10.226983870000002,None
3917889,1498220272,0x99fe89c4b76e791d756df08f4968095d3f310fe63bae25e07167e9bf4ab52a23,0xfbb1b73c4f0bda4f67dca266ce6ef42f520fbb98,0x7071f121c038a98f8a7d485648a27fcd48891ba8,0,0,call,0x,10.28609899,None
3917977,1498221824,0x2bab89d39aad668b37ea2ade05e17c02e8c4702ff7859bd345021797a72efc17,0xfbb1b73c4f0bda4f67dca266ce6ef42f520fbb98,0x7071f121c038a98f8a7d485648a27fcd48891ba8,0,0,call,0x,13.67090041,None
3918001,1498222388,0xf83a710ca44db6ea5900451df1dbe205928a6fdb0caf74caf91b1454dac03d38,0xfbb1b73c4f0bda4f67dca266ce6ef42f520fbb98,0x7071f121c038a98f8a7d485648a27fcd48891ba8,0,0,call,0x,8.95545463,None
3918299,1498227250,0xbcf7cdedc6d07c12e29e5d64ffd64cccd4aa562ee5a50b1990eeff1c38bee029,0xfbb1b73c4f0bda4f67dca266ce6ef42f520fbb98,0x7071f121c038a98f8a7d485648a27fcd48891ba8,0,0,call,0x,10.87727203,None
3918366,1498228460,0x34ce5acfed4867f284e62c039bccc27982d7f7c14e38b952318c14eeb19ad28a,0xfbb1b73c4f0bda4f67dca266ce6ef42f520fbb98,0x7071f121c038a98f8a7d485648a27fcd48891ba8,0,0,call,0x,9.16590077,None
3918463,1498230170,0x427b1e6e7f77009ec328a73b73679e36a9cccfbf413d6cb89a02650f9396fad0,0xfbb1b73c4f0bda4f67dca266ce6ef42f520fbb98,0x7071f121c038a98f8a7d485648a27fcd48891ba8,0,0,call,0x,14.27744571,None
3918504,1498230791,0xa7c64edcb7e86e87e83c997054b7c8423169c9b9f664daf40e635f30792796c7,0xfbb1b73c4f0bda4f67dca266ce6ef42f520fbb98,0x7071f121c038a98f8a7d485648a27fcd48891ba8,0,0,call,0x,9.14110177,None
3918611,1498232443,0x5ecf76699387982dd1a967b8f672eab592df7e027c5be6ea1de3112bd465c849,0xfbb1b73c4f0bda4f67dca266ce6ef42f520fbb98,0x7071f121c038a98f8a7d485648a27fcd48891ba8,0,0,call,0x,10.64510252,None
3918722,1498234467,0x7fe9f867e18468e805b4eb51e1bc6cae11b930f48fc94e8f8c0897ebf9863465,0xfbb1b73c4f0bda4f67dca266ce6ef42f520fbb98,0x7071f121c038a98f8a7d485648a27fcd48891ba8,0,0,call,0x,20.16528474,None
3919018,1498239219,0xa3a1753605a83c9e9886c4c561ee9535e6df886e674185c5b0a70ab04449612d,0xfbb1b73c4f0bda4f67dca266ce6ef42f520fbb98,0x7071f121c038a98f8a7d485648a27fcd48891ba8,0,0,call,0x,10.10338933,None
3919172,1498242175,0x3f0ffdb7caf1e3f965639c9a1aa62df5133e07ec351c142c81ff0f554536b576,0xfbb1b73c4f0bda4f67dca266ce6ef42f520fbb98,0x7071f121c038a98f8a7d485648a27fcd48891ba8,0,0,call,0x,14.75256127,None
3919376,1498245952,0x21692b1350001bf768e62bea3b0cdf7543b6fc44326b2e0d0a8de71b0463a738,0xfbb1b73c4f0bda4f67dca266ce6ef42f520fbb98,0x7071f121c038a98f8a7d485648a27fcd48891ba8,0,0,call,0x,11.343126150000002,None
3919420,1498246692,0xe4362f90de61b918a56a6c2e70c1ba557ad060766b7c786530a50c87750db028,0xfbb1b73c4f0bda4f67dca266ce6ef42f520fbb98,0x7071f121c038a98f8a7d485648a27fcd48891ba8,0,0,call,0x,9.15198029,None
3919594,1498249975,0x8e01c8a7a7df4f7f4987ab5bb93181260e2f5ce6e7529db668c2555b94d5a3d3,0xfbb1b73c4f0bda4f67dca266ce6ef42f520fbb98,0x7071f121c038a98f8a7d485648a27fcd48891ba8,0,0,call,0x,11.4200705,None
3919692,1498251673,0xe8ddd604aacf3b914720cd00e2ef15c832062065d5d33829017632fad12aa73e,0xfbb1b73c4f0bda4f67dca266ce6ef42f520fbb98,0x7071f121c038a98f8a7d485648a27fcd48891ba8,0,0,call,0x,12.83798938,None
3919774,1498253127,0x3b094ec4ccf0f1e4498879919470b838ae907ff4f3fe05e6a815030a072a9a14,0xfbb1b73c4f0bda4f67dca266ce6ef42f520fbb98,0x7071f121c038a98f8a7d485648a27fcd48891ba8,0,0,call,0x,9.387567209999998,None
3919831,1498254101,0x54d3088c222a2fe46c16f9be2e0a0db89e55e71856c576f98cebdf40113f0858,0xfbb1b73c4f0bda4f67dca266ce6ef42f520fbb98,0x7071f121c038a98f8a7d485648a27fcd48891ba8,0,0,call,0x,9.13692208,None
3921173,1498277594,0x667f8703fb06923e696a970172fa2acce99ca46f2e8d630acc464339b6897a57,0xfbb1b73c4f0bda4f67dca266ce6ef42f520fbb98,0x7071f121c038a98f8a7d485648a27fcd48891ba8,0,0,call,0x,15.4740071,None
3922116,1498294039,0xcb4993445efc297d6ee770f8b178ff3a32158259ab5e396f47f0cf25c5e00d04,0xfbb1b73c4f0bda4f67dca266ce6ef42f520fbb98,0x7071f121c038a98f8a7d485648a27fcd48891ba8,0,0,call,0x,8.3187135,None
3922147,1498294483,0xe337e3180f5d8c19ed9e09d8589026adb180c6735d79a37bffead88c513915b8,0xfbb1b73c4f0bda4f67dca266ce6ef42f520fbb98,0x7071f121c038a98f8a7d485648a27fcd48891ba8,0,0,call,0x,10.81604881,None
3922258,1498296382,0x69be673f0ebe3f2ef139acd17b1b2cced352548d8145da682a59ccbc2614137d,0xfbb1b73c4f0bda4f67dca266ce6ef42f520fbb98,0x7071f121c038a98f8a7d485648a27fcd48891ba8,0,0,call,0x,8.25535059,None
3922295,1498297164,0xaa3ce49aa38de79480c08d83627b6240c5ba06c66d391b9e362887a2b2a62525,0xfbb1b73c4f0bda4f67dca266ce6ef42f520fbb98,0x7071f121c038a98f8a7d485648a27fcd48891ba8,0,0,call,0x,10.96135859,None
3922323,1498297689,0x1aea58e19cd491710120016bc0ef4470b3688020fe9070461eed6609aadddaea,0xfbb1b73c4f0bda4f67dca266ce6ef42f520fbb98,0x7071f121c038a98f8a7d485648a27fcd48891ba8,0,0,call,0x,11.0246026,None
3922367,1498298374,0x5aa94b42d8592bb45328ff8fcde4c58210d6579549bfafc96dc7da7e77d6901b,0xfbb1b73c4f0bda4f67dca266ce6ef42f520fbb98,0x7071f121c038a98f8a7d485648a27fcd48891ba8,0,0,call,0x,11.080267350000002,None
3922469,1498300326,0x7ce4a42418932d103116b268049a4f38348416c330ad90be23645242b48f41ea,0xfbb1b73c4f0bda4f67dca266ce6ef42f520fbb98,0x7071f121c038a98f8a7d485648a27fcd48891ba8,0,0,call,0x,12.23020052,None
3922615,1498303173,0x0248d4fd0c5b9c8f14672ab4cb7c510a942e2946b929950a2e04785bc4494c3c,0xfbb1b73c4f0bda4f67dca266ce6ef42f520fbb98,0x7071f121c038a98f8a7d485648a27fcd48891ba8,0,0,call,0x,9.38734934,None
3922672,1498304119,0x6298cec0f3f5fef5258e8668164359d2e09f882c4d7ee1d68f856cb9c5a4889f,0xfbb1b73c4f0bda4f67dca266ce6ef42f520fbb98,0x7071f121c038a98f8a7d485648a27fcd48891ba8,0,0,call,0x,10.59913714,None
3922744,1498305340,0x8f836dcceb0f141fac6b3e04d2ea2dd64947bd39228f0166c5e50583e4b70f70,0xfbb1b73c4f0bda4f67dca266ce6ef42f520fbb98,0x7071f121c038a98f8a7d485648a27fcd48891ba8,0,0,call,0x,12.0684224,None
3922820,1498306886,0xdd03564a8e8d63fdab5c0beb1cdf27eea0e5c7e3aff7adfb3fe50675c053c013,0xfbb1b73c4f0bda4f67dca266ce6ef42f520fbb98,0x7071f121c038a98f8a7d485648a27fcd48891ba8,0,0,call,0x,8.88862124,None
3922849,1498307666,0xb9bb80383bbb4fdd8e6e253ad78aa14724130246a78f78c7978fc1dc537842d6,0xfbb1b73c4f0bda4f67dca266ce6ef42f520fbb98,0x7071f121c038a98f8a7d485648a27fcd48891ba8,0,0,call,0x,16.35370487,None
3922865,1498307904,0xfc8ab95bd70b2e39841efd4f62bfeefc1bc1e4c9b0ca0d24b5ace551b8ee08b7,0xfbb1b73c4f0bda4f67dca266ce6ef42f520fbb98,0x7071f121c038a98f8a7d485648a27fcd48891ba8,0,0,call,0x,14.62562872,None
3922958,1498309385,0x243d90a41501fcdcf32c211df8fa19b47351ba8a1592ae13554dd1efb1855156,0xfbb1b73c4f0bda4f67dca266ce6ef42f520fbb98,0x7071f121c038a98f8a7d485648a27fcd48891ba8,0,0,call,0x,10.3891994,None
3923365,1498316160,0x894e3b7ca1ea5a9a9583e2f0f225cc08274c87417ac736b05f36c0cfcb026d11,0xfbb1b73c4f0bda4f67dca266ce6ef42f520fbb98,0x7071f121c038a98f8a7d485648a27fcd48891ba8,0,0,call,0x,10.46025282,None
3923377,1498316261,0x8d5787d90bf28bb46d006f8ae70234769c2016c626162f7feca348e905a4907b,0xfbb1b73c4f0bda4f67dca266ce6ef42f520fbb98,0x7071f121c038a98f8a7d485648a27fcd48891ba8,0,0,call,0x,15.13011973,None
3923398,1498316546,0xec31bcb7851bf027e1456f747fb09d77929169574adc76c4f12a563076dc06be,0xfbb1b73c4f0bda4f67dca266ce6ef42f520fbb98,0x7071f121c038a98f8a7d485648a27fcd48891ba8,0,0,call,0x,9.63961096,None
3923440,1498317359,0xc300be3f9dd22c91fd589960f444355cfe2fd6ca0a210d8b02e77b307ce24e1d,0xfbb1b73c4f0bda4f67dca266ce6ef42f520fbb98,0x7071f121c038a98f8a7d485648a27fcd48891ba8,0,0,call,0x,8.87431934,None
3923501,1498318369,0x982a5251109b07a01d07219932c272b5fe1001ee5da7e3f5f745fd96fc1b328b,0xfbb1b73c4f0bda4f67dca266ce6ef42f520fbb98,0x7071f121c038a98f8a7d485648a27fcd48891ba8,0,0,call,0x,8.16264841,None
3923571,1498319753,0xc97fda1a12c1c81a2a823dd620ddafe3601b0e6b6a528bbd63e4beff51c5d4e8,0xfbb1b73c4f0bda4f67dca266ce6ef42f520fbb98,0x7071f121c038a98f8a7d485648a27fcd48891ba8,0,0,call,0x,9.43042876,None
3923720,1498322497,0xbb39d629337116effea66d9bfaae317a9c70c2e4eb2f40650cc011f51c5fe7a0,0xfbb1b73c4f0bda4f67dca266ce6ef42f520fbb98,0x7071f121c038a98f8a7d485648a27fcd48891ba8,0,0,call,0x,11.83038299,None
3923855,1498324848,0x53795b6d772bb70a15ece3c13ef59b2360fd2a52d92a0b3165839c83b920b069,0xfbb1b73c4f0bda4f67dca266ce6ef42f520fbb98,0x7071f121c038a98f8a7d485648a27fcd48891ba8,0,0,call,0x,15.60273136,None
3924113,1498329451,0x8d46b34259482a437d35e97ba8f71bac757f74f0dd6770ed95c8a03414dbd9fb,0xfbb1b73c4f0bda4f67dca266ce6ef42f520fbb98,0x7071f121c038a98f8a7d485648a27fcd48891ba8,0,0,call,0x,25.16486213,None
3924451,1498334801,0xfb3458f36a83f85999989fb02bded4aedf16d87e1bcd7d1d6eca807e82bc52de,0xfbb1b73c4f0bda4f67dca266ce6ef42f520fbb98,0x7071f121c038a98f8a7d485648a27fcd48891ba8,0,0,call,0x,8.06414046,None
3924544,1498336510,0xb0093c6253322ff4551321c2939cb7f26c10b62055d515ab3c1f00a2c45d9b54,0xfbb1b73c4f0bda4f67dca266ce6ef42f520fbb98,0x7071f121c038a98f8a7d485648a27fcd48891ba8,0,0,call,0x,8.63030787,None
3924599,1498337642,0x023751fe114415eefa8da5e4c946e67069ae2cf877d38ac7db45e09d898d35d2,0xfbb1b73c4f0bda4f67dca266ce6ef42f520fbb98,0x7071f121c038a98f8a7d485648a27fcd48891ba8,0,0,call,0x,9.2979064,None
3924795,1498341472,0xd0877496e18f476e652a28a1de514a64918141b42c0a9163e10f66f41c934494,0xfbb1b73c4f0bda4f67dca266ce6ef42f520fbb98,0x7071f121c038a98f8a7d485648a27fcd48891ba8,0,0,call,0x,8.694328,None
3925122,1498346833,0xb1a975e19b206a26cf2f452fa7af7187a917fd688c5d270ded97ff011c5c96c9,0xfbb1b73c4f0bda4f67dca266ce6ef42f520fbb98,0x7071f121c038a98f8a7d485648a27fcd48891ba8,0,0,call,0x,9.28568485,None
3926536,1498370880,0x29c2251aff501eed7b1e43d1380878bbf03ac20d701bd8af79ccf8957dc5ebcc,0xfbb1b73c4f0bda4f67dca266ce6ef42f520fbb98,0x7071f121c038a98f8a7d485648a27fcd48891ba8,0,0,call,0x,9.41987091,None
3926734,1498374063,0xa2f668851f59c103d33010895bcc044e40b7ff055ff792aa53bcbb959a0f879f,0xfbb1b73c4f0bda4f67dca266ce6ef42f520fbb98,0x7071f121c038a98f8a7d485648a27fcd48891ba8,0,0,call,0x,23.48186016,None
3927128,1498381119,0xc494856bf4dd101783dc6bd48559b088f5d6c36088f96d74333b04c13e1978ac,0xfbb1b73c4f0bda4f67dca266ce6ef42f520fbb98,0x7071f121c038a98f8a7d485648a27fcd48891ba8,0,0,call,0x,8.26598686,None
3927196,1498382441,0xee58e5bf8d52df6483a231287a66d03065d2d3cfc26a34fd337b508b2de55058,0xfbb1b73c4f0bda4f67dca266ce6ef42f520fbb98,0x7071f121c038a98f8a7d485648a27fcd48891ba8,0,0,call,0x,9.53500696,None
3927218,1498382915,0x6405ed74c8668ed2912fef5c0ba5704a752b3fc2ff4ce479102714027e7c17ca,0xfbb1b73c4f0bda4f67dca266ce6ef42f520fbb98,0x7071f121c038a98f8a7d485648a27fcd48891ba8,0,0,call,0x,9.09906726,None
3927425,1498386689,0x82b295585d5a6289690f8cb8b2a4497f39fca59e165ed5a3ccd7bfb35616a12b,0xfbb1b73c4f0bda4f67dca266ce6ef42f520fbb98,0x7071f121c038a98f8a7d485648a27fcd48891ba8,0,0,call,0x,11.20823534,None
3927709,1498391892,0xc8655a9975ca75452d2d9bcab29b137170461bd511be10b50c5276b5452900a3,0xfbb1b73c4f0bda4f67dca266ce6ef42f520fbb98,0x7071f121c038a98f8a7d485648a27fcd48891ba8,0,0,call,0x,8.63094899,None
3927784,1498393029,0xa1585f55ca49132a65ddbc9bcbc95b75a618d3f59bf5f54e47251646759633f7,0xfbb1b73c4f0bda4f67dca266ce6ef42f520fbb98,0x7071f121c038a98f8a7d485648a27fcd48891ba8,0,0,call,0x,8.37283364,None
3927843,1498393999,0x116814db1daa4b3f91a183196c786bdd74f63e8b24ad2594e310fc8e1f1472d1,0xfbb1b73c4f0bda4f67dca266ce6ef42f520fbb98,0x7071f121c038a98f8a7d485648a27fcd48891ba8,0,0,call,0x,9.351630449999998,None
3928010,1498397168,0x79e8b11d5262c93f5bc561cd2036c5aac9b1d923ac95123a078f8324d9c447e8,0xfbb1b73c4f0bda4f67dca266ce6ef42f520fbb98,0x7071f121c038a98f8a7d485648a27fcd48891ba8,0,0,call,0x,9.30977352,None
3928036,1498397579,0x2e8ddc97edf853569ec5bb87ef265e5fea902a1745c3b458af7679863a7be577,0xfbb1b73c4f0bda4f67dca266ce6ef42f520fbb98,0x7071f121c038a98f8a7d485648a27fcd48891ba8,0,0,call,0x,15.9934555,None
3928169,1498399624,0x82410a3e4c3ed56e91477f6381cd85a3d2a62c91ffe7ed1336a4cb7dcb376612,0xfbb1b73c4f0bda4f67dca266ce6ef42f520fbb98,0x7071f121c038a98f8a7d485648a27fcd48891ba8,0,0,call,0x,10.8623117,None
3928276,1498401790,0x406b97c035fbeab318710dba9e616d98317cf9fbdbd07ff755fc69d86cec4432,0xfbb1b73c4f0bda4f67dca266ce6ef42f520fbb98,0x7071f121c038a98f8a7d485648a27fcd48891ba8,0,0,call,0x,12.31993141,None
3928407,1498404017,0x567a0f1eb4aeacf7d52eb8cecb2f6dd30fb3a2e8751ebae17c644831d934cd04,0xfbb1b73c4f0bda4f67dca266ce6ef42f520fbb98,0x7071f121c038a98f8a7d485648a27fcd48891ba8,0,0,call,0x,9.18514077,None
3928495,1498406030,0x246bd43921ae32ae2e05ff0bbb4f00faf4560b13a540883b2c0c23db20592d4c,0xfbb1b73c4f0bda4f67dca266ce6ef42f520fbb98,0x7071f121c038a98f8a7d485648a27fcd48891ba8,0,0,call,0x,8.69325026,None
3928602,1498407700,0x6f478aee8366894eecec12a888ff9ff7e32fc67ac1b37ae065937581d9ee8b97,0xfbb1b73c4f0bda4f67dca266ce6ef42f520fbb98,0x7071f121c038a98f8a7d485648a27fcd48891ba8,0,0,call,0x,12.89381578,None
3928790,1498411163,0xb028f1a1adb0c94b323d3d00f6269d869e0a597825ff0628ca62dba5774573a2,0xfbb1b73c4f0bda4f67dca266ce6ef42f520fbb98,0x7071f121c038a98f8a7d485648a27fcd48891ba8,0,0,call,0x,11.13001048,None
3928907,1498413328,0xcbaab149412894ba6906121a8ebb28ba4023c6ecf1cfd14e32d198219a59f583,0xfbb1b73c4f0bda4f67dca266ce6ef42f520fbb98,0x7071f121c038a98f8a7d485648a27fcd48891ba8,0,0,call,0x,8.58609755,None
3928944,1498413931,0x7c7d5b1987f0a49ecc80fcef7d2377dee8bf153806d072c0b7d6ae8781b6084b,0xfbb1b73c4f0bda4f67dca266ce6ef42f520fbb98,0x7071f121c038a98f8a7d485648a27fcd48891ba8,0,0,call,0x,8.88500004,None
3929060,1498415670,0x28ccd6b097d71965b40d09aa805cee245c8e55f284a9c1379a49946865ccbc82,0xfbb1b73c4f0bda4f67dca266ce6ef42f520fbb98,0x7071f121c038a98f8a7d485648a27fcd48891ba8,0,0,call,0x,9.10319559,None
3929179,1498417746,0x5561b46b49b6c600cb22f4257fd5007ae752dfde4682472594425e527ee1c6b8,0xfbb1b73c4f0bda4f67dca266ce6ef42f520fbb98,0x7071f121c038a98f8a7d485648a27fcd48891ba8,0,0,call,0x,13.82323638,None
3929188,1498417954,0x64009c9a440b3c6868b94aa9a0f06030c4a6a12e386f558526c2a681996b3b53,0xfbb1b73c4f0bda4f67dca266ce6ef42f520fbb98,0x7071f121c038a98f8a7d485648a27fcd48891ba8,0,0,call,0x,8.23473755,None
3929316,1498420034,0x21a8a386de627a66feaded96a08c178d20889856be4c1b57b0a60b719c9e305d,0xfbb1b73c4f0bda4f67dca266ce6ef42f520fbb98,0x7071f121c038a98f8a7d485648a27fcd48891ba8,0,0,call,0x,8.469845900000001,None
3929411,1498421715,0x8268d00d36b555eac2b05e4f9fb7e2c08e00c4c7698ff85bc8aa84e56157d027,0xfbb1b73c4f0bda4f67dca266ce6ef42f520fbb98,0x7071f121c038a98f8a7d485648a27fcd48891ba8,0,0,call,0x,23.80931235000001,None
3929416,1498421827,0x0c9e90bf34c22a9d5ddbf0a9f3d4257456fb683d768d83e4ea61d03f906dd469,0xfbb1b73c4f0bda4f67dca266ce6ef42f520fbb98,0x7071f121c038a98f8a7d485648a27fcd48891ba8,0,0,call,0x,11.99024763,None
3929465,1498423026,0x98e75b5c78b5a6a653f659191372a053b41657704e7a04239c96901544ecc196,0xfbb1b73c4f0bda4f67dca266ce6ef42f520fbb98,0x7071f121c038a98f8a7d485648a27fcd48891ba8,0,0,call,0x,13.05496886,None
3929491,1498423533,0xafe9de595277bac3408a0301546f520d3c1d4a14b019bedd0f292f6529521caf,0xfbb1b73c4f0bda4f67dca266ce6ef42f520fbb98,0x7071f121c038a98f8a7d485648a27fcd48891ba8,0,0,call,0x,9.16430364,None
3929601,1498425349,0x30d664cd486aea66798737ceea6e6709948f87892e1cae1ed8bb4df286b64517,0xfbb1b73c4f0bda4f67dca266ce6ef42f520fbb98,0x7071f121c038a98f8a7d485648a27fcd48891ba8,0,0,call,0x,8.26009942,None
3929625,1498425776,0x0391dfc6823733d2d897aeecb7da136f72e9e3891a0cfcf4a7abfaea0c6efc77,0xfbb1b73c4f0bda4f67dca266ce6ef42f520fbb98,0x7071f121c038a98f8a7d485648a27fcd48891ba8,0,0,call,0x,8.92168954,None
3929716,1498427375,0xb6b9c08cd34413d4bff30ae8a4d05d470b7b7593c1ca288e30a7b5a3dcfd2e93,0xfbb1b73c4f0bda4f67dca266ce6ef42f520fbb98,0x7071f121c038a98f8a7d485648a27fcd48891ba8,0,0,call,0x,18.33346216,None
3929769,1498428186,0x65881afe60e738790ae7b596fefd7cdb2ee6cba39601f3034fda7be3df31d9df,0xfbb1b73c4f0bda4f67dca266ce6ef42f520fbb98,0x7071f121c038a98f8a7d485648a27fcd48891ba8,0,0,call,0x,9.42468282,None
3929805,1498428798,0xc0f218f755b4d936a0fc076dbdb3039ee75e8b93a78fd1939d82a5e5cf900115,0xfbb1b73c4f0bda4f67dca266ce6ef42f520fbb98,0x7071f121c038a98f8a7d485648a27fcd48891ba8,0,0,call,0x,10.06732963,None
3929846,1498429621,0x539490b3d62c23e90c893def95731934d2337df2d3d4686cfa2179db7f5e22b6,0xfbb1b73c4f0bda4f67dca266ce6ef42f520fbb98,0x7071f121c038a98f8a7d485648a27fcd48891ba8,0,0,call,0x,14.099920009999998,None
3929866,1498429983,0x10feac92fdb7a40e1ebf0795be914d8b351fe9660366a2b8b5c12f271121858d,0xfbb1b73c4f0bda4f67dca266ce6ef42f520fbb98,0x7071f121c038a98f8a7d485648a27fcd48891ba8,0,0,call,0x,16.08122637,None
3929904,1498430674,0x6d99b71224ce1e7b3fdbc201a389b420363fed479f39d77e335b2ea524b0133b,0xfbb1b73c4f0bda4f67dca266ce6ef42f520fbb98,0x7071f121c038a98f8a7d485648a27fcd48891ba8,0,0,call,0x,50.91743507,None
3930029,1498432734,0x567d89a511c5ea3e19c6842e41684d5231a9e0c1adc3eba08421e4238e0c6042,0xfbb1b73c4f0bda4f67dca266ce6ef42f520fbb98,0x7071f121c038a98f8a7d485648a27fcd48891ba8,0,0,call,0x,10.00271562,None
3930067,1498433415,0x8f807eb9da2e3d6ae618c53f884966db9034476a78dfa3be7a8d3e0df51625fc,0xfbb1b73c4f0bda4f67dca266ce6ef42f520fbb98,0x7071f121c038a98f8a7d485648a27fcd48891ba8,0,0,call,0x,9.49624096,None
3930165,1498435145,0xc430aea4c5dd93ec73a41a3cfe610ffc34866bacf29ff2d1943e98cd1577a2b2,0xfbb1b73c4f0bda4f67dca266ce6ef42f520fbb98,0x7071f121c038a98f8a7d485648a27fcd48891ba8,0,0,call,0x,8.91335374,None
3930306,1498437901,0x6d71bf8aa8a9574b5eec61fe1618da4f94edd7de1fd0be518a28a7e2b4ab3403,0xfbb1b73c4f0bda4f67dca266ce6ef42f520fbb98,0x7071f121c038a98f8a7d485648a27fcd48891ba8,0,0,call,0x,8.32277176,None
3931318,1498454503,0xbf91686f60743d41360594e1c9b983a2d33652a5b745d046b51ebcb12bb616e1,0xfbb1b73c4f0bda4f67dca266ce6ef42f520fbb98,0x7071f121c038a98f8a7d485648a27fcd48891ba8,0,0,call,0x,9.01462551,None
3931617,1498459498,0x1c1735ba02c94514823da63c33ee90213df151999e78b571b469b0d2f427d7c2,0xfbb1b73c4f0bda4f67dca266ce6ef42f520fbb98,0x7071f121c038a98f8a7d485648a27fcd48891ba8,0,0,call,0x,12.993552350000002,None
3931736,1498461677,0x8d325138feaafbe8d8d9d0d97061103becd7c2ef67207e91d6f9215cbf075cd8,0xfbb1b73c4f0bda4f67dca266ce6ef42f520fbb98,0x7071f121c038a98f8a7d485648a27fcd48891ba8,0,0,call,0x,49.18690732,None
3931776,1498462536,0x105bd264d372c14b444d114fdb2eb63e1afc8561abf29cf36d319274985ccd8a,0xfbb1b73c4f0bda4f67dca266ce6ef42f520fbb98,0x7071f121c038a98f8a7d485648a27fcd48891ba8,0,0,call,0x,13.515240830000002,None
3931911,1498464860,0xfddd737ed2bda7f90d42152f2b6c5963daa6a120d849b62c2f125a64533791ff,0xfbb1b73c4f0bda4f67dca266ce6ef42f520fbb98,0x7071f121c038a98f8a7d485648a27fcd48891ba8,0,0,call,0x,10.88737709,None
3931933,1498465340,0x8f10c4d97e2e6deb01c6c6962f13238deca2c6fe4a42854bdaa244d3f802b4d9,0xfbb1b73c4f0bda4f67dca266ce6ef42f520fbb98,0x7071f121c038a98f8a7d485648a27fcd48891ba8,0,0,call,0x,15.90140372,None
3931951,1498465669,0xc167fe5d41206bd088371685b5d1c4d9542ec1c4a074dd74c4eec3007f510e0b,0xfbb1b73c4f0bda4f67dca266ce6ef42f520fbb98,0x7071f121c038a98f8a7d485648a27fcd48891ba8,0,0,call,0x,21.36185603,None
3932042,1498467383,0xe9dcfc5ea63e168d1b8fe28862f9c77191856509d397bf5db8a93daab8d25ce5,0xfbb1b73c4f0bda4f67dca266ce6ef42f520fbb98,0x7071f121c038a98f8a7d485648a27fcd48891ba8,0,0,call,0x,8.830648,None
3932102,1498468530,0x3815b1cb460e442915a9078bf4ad2723752102bb07ee5d7afadd79dad5a3b32c,0xfbb1b73c4f0bda4f67dca266ce6ef42f520fbb98,0x7071f121c038a98f8a7d485648a27fcd48891ba8,0,0,call,0x,10.15325992,None
3932167,1498469595,0x1e924bd62f1da1c40b4e6ff231a73e5379cd29b019bbcf27ef1213017c7abacb,0xfbb1b73c4f0bda4f67dca266ce6ef42f520fbb98,0x7071f121c038a98f8a7d485648a27fcd48891ba8,0,0,call,0x,17.35837534,None
3932218,1498470504,0xa31f7e4fb83a5bb019ce8a7fa5585531bd5c0b6154b47db8c4fa32d9824cbbb5,0xfbb1b73c4f0bda4f67dca266ce6ef42f520fbb98,0x7071f121c038a98f8a7d485648a27fcd48891ba8,0,0,call,0x,9.24779394,None
3932267,1498471471,0x0b8fc4f724b73d7e61b4ca434d72d6e4de77d0429816fe1c33f0eb93e804c0fc,0xfbb1b73c4f0bda4f67dca266ce6ef42f520fbb98,0x7071f121c038a98f8a7d485648a27fcd48891ba8,0,0,call,0x,16.247947699999994,None
3932345,1498472891,0x4a9b470f498720dda2ce1b5514b0660558bda16a08cb61ada6168fb32e7a4009,0xfbb1b73c4f0bda4f67dca266ce6ef42f520fbb98,0x7071f121c038a98f8a7d485648a27fcd48891ba8,0,0,call,0x,10.11085288,None
3932395,1498473706,0x4555a308328c31342bb3be23504b122b7251b25ed28beafaca903d73fe2b3046,0xfbb1b73c4f0bda4f67dca266ce6ef42f520fbb98,0x7071f121c038a98f8a7d485648a27fcd48891ba8,0,0,call,0x,11.67735938,None
3932443,1498474469,0xda9528b29d5caeaef71e8c07af0925f9b6da626f45a08ed45d5ceec17968944e,0xfbb1b73c4f0bda4f67dca266ce6ef42f520fbb98,0x7071f121c038a98f8a7d485648a27fcd48891ba8,0,0,call,0x,10.99440035,None
3932581,1498477161,0x31d7a2f84a1411e8f9a35d38136d6add07792cbee6d09cfd2afad36a2fd1bd17,0xfbb1b73c4f0bda4f67dca266ce6ef42f520fbb98,0x7071f121c038a98f8a7d485648a27fcd48891ba8,0,0,call,0x,9.18756007,None
3932629,1498478020,0xe3c7a8ffe42e2aad7678ac87450d7a3f5348b79cc4d09d508cb5de5d87ac9232,0xfbb1b73c4f0bda4f67dca266ce6ef42f520fbb98,0x7071f121c038a98f8a7d485648a27fcd48891ba8,0,0,call,0x,14.49862664,None
3932695,1498479008,0xd730bfd41e8b3eb18d046ce4c3f91846b1fcd79136782b83041e6a7002538a0f,0xfbb1b73c4f0bda4f67dca266ce6ef42f520fbb98,0x7071f121c038a98f8a7d485648a27fcd48891ba8,0,0,call,0x,8.60553566,None
3932841,1498481318,0x55676259507722fe50d9aa1068686b7c79a8db67da573211af16176500dba86b,0xfbb1b73c4f0bda4f67dca266ce6ef42f520fbb98,0x7071f121c038a98f8a7d485648a27fcd48891ba8,0,0,call,0x,30.39075053,None
3932876,1498481917,0xf551cd3ba2323b90d6e1ec51890cacb2ea9e4811bd7929b3271d918f6c2a4776,0xfbb1b73c4f0bda4f67dca266ce6ef42f520fbb98,0x7071f121c038a98f8a7d485648a27fcd48891ba8,0,0,call,0x,11.80509666,None
3932963,1498483258,0xa2d0ffbc8c1d37a45ff510490bb3dff2b9e1f532448e074e916d2799915031de,0xfbb1b73c4f0bda4f67dca266ce6ef42f520fbb98,0x7071f121c038a98f8a7d485648a27fcd48891ba8,0,0,call,0x,8.06276028,None
3933077,1498484953,0xaee73190d11a677705695b26a039bd9636949ccac653b25602c3acaaa0b3626a,0xfbb1b73c4f0bda4f67dca266ce6ef42f520fbb98,0x7071f121c038a98f8a7d485648a27fcd48891ba8,0,0,call,0x,9.21807769,None
3933182,1498486682,0x01acbdccc8ae5ee352f301d3093ea7a43b9547dd83650c27c448b35c0804e8d0,0xfbb1b73c4f0bda4f67dca266ce6ef42f520fbb98,0x7071f121c038a98f8a7d485648a27fcd48891ba8,0,0,call,0x,9.0151704,None
3933334,1498489333,0x19f4a2aad86e1acf4f730cf82a47c0a41610709753f99616cd38a768411c3a05,0xfbb1b73c4f0bda4f67dca266ce6ef42f520fbb98,0x7071f121c038a98f8a7d485648a27fcd48891ba8,0,0,call,0x,10.96176304,None
3933410,1498490424,0x5f463b7f22c11d8b854a4c6d2833ee7ed71c6e71fdcecfa963ccdfe3c31eaf77,0xfbb1b73c4f0bda4f67dca266ce6ef42f520fbb98,0x7071f121c038a98f8a7d485648a27fcd48891ba8,0,0,call,0x,14.79200618,None
3933428,1498490825,0xc5c58974aaa3e1571f7ae08818434f2e0f040910491db03e6b59c55faa543fc8,0xfbb1b73c4f0bda4f67dca266ce6ef42f520fbb98,0x7071f121c038a98f8a7d485648a27fcd48891ba8,0,0,call,0x,10.312327699999999,None
3933435,1498491052,0x97863a379a8f910acc9973f9a66e30223a08a6e5ebc116e7911e8c3099bfcf98,0xfbb1b73c4f0bda4f67dca266ce6ef42f520fbb98,0x7071f121c038a98f8a7d485648a27fcd48891ba8,0,0,call,0x,9.90087097,None
3933462,1498491706,0x55e90a56ae061c0f3f7891bc410dd3a21643ae01f51791e331f4ee9b55d41004,0xfbb1b73c4f0bda4f67dca266ce6ef42f520fbb98,0x7071f121c038a98f8a7d485648a27fcd48891ba8,0,0,call,0x,9.386388470000002,None
3933493,1498492398,0xcdaf92296a5a1ce008fb30c5d8575267a97a003f9bce6ff314ab9afc2a646e77,0xfbb1b73c4f0bda4f67dca266ce6ef42f520fbb98,0x7071f121c038a98f8a7d485648a27fcd48891ba8,0,0,call,0x,8.84424892,None
3933522,1498492858,0x696d2342305205957ee948c28c95557dfe8dc47be514d16e4926a0ce3b96f85b,0xfbb1b73c4f0bda4f67dca266ce6ef42f520fbb98,0x7071f121c038a98f8a7d485648a27fcd48891ba8,0,0,call,0x,14.39247672,None
3933573,1498493685,0x94a157acce5bf69c77852273daaaf10a644e46be61a8cc60e5ba2f71293b3ebd,0xfbb1b73c4f0bda4f67dca266ce6ef42f520fbb98,0x7071f121c038a98f8a7d485648a27fcd48891ba8,0,0,call,0x,10.8311462,None
3933655,1498495091,0x32213929a43ef083866cc1b0662a6bd8d7a3460f75b05b7a682c43be5f575db0,0xfbb1b73c4f0bda4f67dca266ce6ef42f520fbb98,0x7071f121c038a98f8a7d485648a27fcd48891ba8,0,0,call,0x,12.02479977,None
3933686,1498495719,0x114a1b07723d64ba3107f049526ad33d9c306bdd80062207f3d8c5b273b14ca4,0xfbb1b73c4f0bda4f67dca266ce6ef42f520fbb98,0x7071f121c038a98f8a7d485648a27fcd48891ba8,0,0,call,0x,24.97342866,None
3933738,1498496730,0xa38c4cb8780a61de613989072be38bfebe7c8a57217b3e4d19a53fba0688c27f,0xfbb1b73c4f0bda4f67dca266ce6ef42f520fbb98,0x7071f121c038a98f8a7d485648a27fcd48891ba8,0,0,call,0x,11.57419115,None
3933768,1498497162,0xa981064b4f1259340489c1be01d9b088218fdb2482e5990f32398f238376b3a5,0xfbb1b73c4f0bda4f67dca266ce6ef42f520fbb98,0x7071f121c038a98f8a7d485648a27fcd48891ba8,0,0,call,0x,13.89777882,None
3933791,1498497649,0xb77593c47a6659ac887b6b610134d04d6a7b555a78dd9af83835ef61b18c119f,0xfbb1b73c4f0bda4f67dca266ce6ef42f520fbb98,0x7071f121c038a98f8a7d485648a27fcd48891ba8,0,0,call,0x,8.5156144,None
3933801,1498497895,0xf13da647d28cfc0a75e13a48595f6ab5c812617de907ea91927dc54937a6c3b6,0xfbb1b73c4f0bda4f67dca266ce6ef42f520fbb98,0x7071f121c038a98f8a7d485648a27fcd48891ba8,0,0,call,0x,9.1328205,None
3933823,1498498278,0xea080bdf9ac8bf636cece3e9e48dde81ac3e2278f78553970907a1c0b91f0a43,0xfbb1b73c4f0bda4f67dca266ce6ef42f520fbb98,0x7071f121c038a98f8a7d485648a27fcd48891ba8,0,0,call,0x,8.21954319,None
3933830,1498498379,0x1fbc274a5aaf69378fbb35eb83f19f0f4cc79917a94acc6971a10b8b15a7d0bc,0xfbb1b73c4f0bda4f67dca266ce6ef42f520fbb98,0x7071f121c038a98f8a7d485648a27fcd48891ba8,0,0,call,0x,22.39020991,None
3933895,1498499418,0x2bd652d348edeb1ea7fa69429b423ebc6b23ad274288f97c37fa7fcfd40e77d6,0xfbb1b73c4f0bda4f67dca266ce6ef42f520fbb98,0x7071f121c038a98f8a7d485648a27fcd48891ba8,0,0,call,0x,12.62021785,None
3933985,1498501255,0x3d04a850ab41e71939dd82b95f1feb97a4e3ebb077458c853290749098eec891,0xfbb1b73c4f0bda4f67dca266ce6ef42f520fbb98,0x7071f121c038a98f8a7d485648a27fcd48891ba8,0,0,call,0x,10.78526986,None
3933991,1498501338,0x0290d06c46c9c7e9c591874a91d51ea30355840b6bf9839e2de6f83e03faad5d,0xfbb1b73c4f0bda4f67dca266ce6ef42f520fbb98,0x7071f121c038a98f8a7d485648a27fcd48891ba8,0,0,call,0x,8.583516699999999,None
3933996,1498501445,0x9a2c80488fcfdef4547ffbf664f0bca284f3dc11623703f6a8d778eab439acb3,0xfbb1b73c4f0bda4f67dca266ce6ef42f520fbb98,0x7071f121c038a98f8a7d485648a27fcd48891ba8,0,0,call,0x,17.46755761,None
3934017,1498501922,0x171cfe041419554485a02513586b107825ca5ee7a9a912ac618727f58da22eb9,0xfbb1b73c4f0bda4f67dca266ce6ef42f520fbb98,0x7071f121c038a98f8a7d485648a27fcd48891ba8,0,0,call,0x,25.81314874,None
3934056,1498502579,0x8b61007bef6672fd47e9009db8562b17ac950ef9a4a96489b6369b75d5bf34a9,0xfbb1b73c4f0bda4f67dca266ce6ef42f520fbb98,0x7071f121c038a98f8a7d485648a27fcd48891ba8,0,0,call,0x,10.23017682,None
3934081,1498503162,0xbddab47b857f5cb0b58080dbd85176a1d050298d3eb1c2d2d5de2cf20ede0dc6,0xfbb1b73c4f0bda4f67dca266ce6ef42f520fbb98,0x7071f121c038a98f8a7d485648a27fcd48891ba8,0,0,call,0x,14.439941590000002,None
3934105,1498503703,0xaf5ab0875ea76b238087fbcc6dedd43d37047237dd98fdaea7a5564979d66db0,0xfbb1b73c4f0bda4f67dca266ce6ef42f520fbb98,0x7071f121c038a98f8a7d485648a27fcd48891ba8,0,0,call,0x,17.54093711,None
3934114,1498503854,0x2511a14b4569b6572669cd4eb37d486603bfa9f998a549c61ae0495cf826c80e,0xfbb1b73c4f0bda4f67dca266ce6ef42f520fbb98,0x7071f121c038a98f8a7d485648a27fcd48891ba8,0,0,call,0x,22.28771733,None
3934119,1498503899,0x29deff226f4b1b7a9033a84fc6cb9ccaf4ceb13cf7faf1124dd914391bd7d1f6,0xfbb1b73c4f0bda4f67dca266ce6ef42f520fbb98,0x7071f121c038a98f8a7d485648a27fcd48891ba8,0,0,call,0x,20.81936334,None
3934152,1498504593,0xfa978062dfee291b410bfb6887cf1d42cd77a16c9ba49dc5aa5508933f0b0877,0xfbb1b73c4f0bda4f67dca266ce6ef42f520fbb98,0x7071f121c038a98f8a7d485648a27fcd48891ba8,0,0,call,0x,12.83042714,None
3934176,1498505012,0xcb9d938caa1bfdfb487191100f87b7d27922e5cb5ec812db191153e12b51ec85,0xfbb1b73c4f0bda4f67dca266ce6ef42f520fbb98,0x7071f121c038a98f8a7d485648a27fcd48891ba8,0,0,call,0x,11.34933905,None
3934200,1498505380,0x3aea7a6c6af9d8b4c10d58c11f97f9a71f805d47834430d436ea1ecafde58524,0xfbb1b73c4f0bda4f67dca266ce6ef42f520fbb98,0x7071f121c038a98f8a7d485648a27fcd48891ba8,0,0,call,0x,10.03588129,None
3934225,1498505838,0x277efa72b3005c72754b992e4d7063e7868b756c04ab911de41dcf1e9d3516b4,0xfbb1b73c4f0bda4f67dca266ce6ef42f520fbb98,0x7071f121c038a98f8a7d485648a27fcd48891ba8,0,0,call,0x,8.95100163,None
3934235,1498506026,0x0436e70f7fdd0cd441fd4d5b3d0a90d2267f1b5595d7caa103c40af9dfa1ed06,0xfbb1b73c4f0bda4f67dca266ce6ef42f520fbb98,0x7071f121c038a98f8a7d485648a27fcd48891ba8,0,0,call,0x,24.11558665,None
3934280,1498506721,0xc4bb30887b881866e8245e1b8d7accbef075cdef7da1b03cbd47460bd05247b0,0xfbb1b73c4f0bda4f67dca266ce6ef42f520fbb98,0x7071f121c038a98f8a7d485648a27fcd48891ba8,0,0,call,0x,26.82189788,None
3934304,1498507206,0x185fa72e381d627c89aeeab9f981d70bfc14b64631d695608655928358dd2569,0xfbb1b73c4f0bda4f67dca266ce6ef42f520fbb98,0x7071f121c038a98f8a7d485648a27fcd48891ba8,0,0,call,0x,8.37127525,None
3934377,1498508354,0xfaba069f7d7b6983a4f65c927827f40e270310eb373350adc2a9b5ae8ef63445,0xfbb1b73c4f0bda4f67dca266ce6ef42f520fbb98,0x7071f121c038a98f8a7d485648a27fcd48891ba8,0,0,call,0x,20.643631600000006,None
3934385,1498508570,0xd55b29898ade9a446b74a3ac2b703d40c475878ca4baea2ff2047f6e080f507d,0xfbb1b73c4f0bda4f67dca266ce6ef42f520fbb98,0x7071f121c038a98f8a7d485648a27fcd48891ba8,0,0,call,0x,8.81663905,None
3934413,1498509068,0xe8654f5abbbc019500a56dab148cfdfd287b65d3a73271b842b098b38baaa3e6,0xfbb1b73c4f0bda4f67dca266ce6ef42f520fbb98,0x7071f121c038a98f8a7d485648a27fcd48891ba8,0,0,call,0x,9.287453049999998,None
3934445,1498509643,0x6f44613e6627473cb8c4b992369bdc81bbed66b8c039907357b1b76e9ae382b8,0xfbb1b73c4f0bda4f67dca266ce6ef42f520fbb98,0x7071f121c038a98f8a7d485648a27fcd48891ba8,0,0,call,0x,19.24129998,None
3934458,1498509907,0x8170e56aee2ba5f8a18da21e5c115312f8a16f0ba796e3f9cdc28f65bb5a3cef,0xfbb1b73c4f0bda4f67dca266ce6ef42f520fbb98,0x7071f121c038a98f8a7d485648a27fcd48891ba8,0,0,call,0x,29.27984366,None
3934481,1498510174,0x558a2a430b3e93e21e70c8696448048fb1390851939ac6fca9683c3da40b6fc1,0xfbb1b73c4f0bda4f67dca266ce6ef42f520fbb98,0x7071f121c038a98f8a7d485648a27fcd48891ba8,0,0,call,0x,11.36971355,None
3934503,1498510572,0x19eed956c803ba926208c883145551e1e039610d9513914eabe71ea7def0c9f1,0xfbb1b73c4f0bda4f67dca266ce6ef42f520fbb98,0x7071f121c038a98f8a7d485648a27fcd48891ba8,0,0,call,0x,9.793809300000001,None
3934511,1498510792,0x491eaacb7c1028bada5ced40417d1d3d7013395d4df7d9ecbcdd4341465c02cd,0xfbb1b73c4f0bda4f67dca266ce6ef42f520fbb98,0x7071f121c038a98f8a7d485648a27fcd48891ba8,0,0,call,0x,17.15219647,None
3934511,1498510792,0x024de0cc383ff74b08f839dd467c0a9548f4dd162a20d1dfa86cce1543fdbd59,0xfbb1b73c4f0bda4f67dca266ce6ef42f520fbb98,0x7071f121c038a98f8a7d485648a27fcd48891ba8,0,0,call,0x,13.90018193,None
3934525,1498511044,0x7e1c200ef067ed9d10464f27e4cc0992fd8a2f4711fc77831516e1b78f2a5a07,0xfbb1b73c4f0bda4f67dca266ce6ef42f520fbb98,0x7071f121c038a98f8a7d485648a27fcd48891ba8,0,0,call,0x,8.54152033,None
3934534,1498511165,0x267eab05f90cedb66e5d59c2fabd2246be50271cf8a9faa42fbe2226bbcf9029,0xfbb1b73c4f0bda4f67dca266ce6ef42f520fbb98,0x7071f121c038a98f8a7d485648a27fcd48891ba8,0,0,call,0x,11.67956464,None
3934549,1498511566,0x0982e731b1dd5072c68084ded1b9503e3b958f255f5965fd7ecc4113c9efa07d,0xfbb1b73c4f0bda4f67dca266ce6ef42f520fbb98,0x7071f121c038a98f8a7d485648a27fcd48891ba8,0,0,call,0x,16.33991676,None
3934625,1498512905,0xd850dfee99f03992f119349a55aa37e60a24c36036d0729ff716b62943dc089f,0xfbb1b73c4f0bda4f67dca266ce6ef42f520fbb98,0x7071f121c038a98f8a7d485648a27fcd48891ba8,0,0,call,0x,19.87227287,None
3934630,1498513002,0x304522671424e545d3797f88af3ac43e18482adeb8d57bbaf0ad972797852478,0xfbb1b73c4f0bda4f67dca266ce6ef42f520fbb98,0x7071f121c038a98f8a7d485648a27fcd48891ba8,0,0,call,0x,27.56974051000001,None
3934656,1498513440,0xb1848a055cfdd5c92c9968608dd4cc87ce111203b128fa8306b272565afe17e5,0xfbb1b73c4f0bda4f67dca266ce6ef42f520fbb98,0x7071f121c038a98f8a7d485648a27fcd48891ba8,0,0,call,0x,20.07306245,None
3934683,1498513801,0xec23927afab31b88a5a6bb5824b9570f332112fff38125c90a31cbd8ed9edc69,0xfbb1b73c4f0bda4f67dca266ce6ef42f520fbb98,0x7071f121c038a98f8a7d485648a27fcd48891ba8,0,0,call,0x,8.32126007,None
3934693,1498514087,0xb79940d43a5b05ea2fe440d11b75ee1c550bd00da07da180681c4fa3055f96ad,0xfbb1b73c4f0bda4f67dca266ce6ef42f520fbb98,0x7071f121c038a98f8a7d485648a27fcd48891ba8,0,0,call,0x,9.85211042,None
3934717,1498514545,0xb0fef78d693caeec52d5ef76b34c2839d1119e37ea4305ef2ad9a1677a2a599f,0xfbb1b73c4f0bda4f67dca266ce6ef42f520fbb98,0x7071f121c038a98f8a7d485648a27fcd48891ba8,0,0,call,0x,25.65038841,None
3934750,1498515053,0x934bf9bd16c538aa185107b6be504bfd3c29eb0d0644a59098d3f77780639342,0xfbb1b73c4f0bda4f67dca266ce6ef42f520fbb98,0x7071f121c038a98f8a7d485648a27fcd48891ba8,0,0,call,0x,22.13406792,None
3934821,1498516333,0xda05a24bd8d3485b76bd1f9fcabb222999024f7b1928bf4989efb85fd8111be7,0xfbb1b73c4f0bda4f67dca266ce6ef42f520fbb98,0x7071f121c038a98f8a7d485648a27fcd48891ba8,0,0,call,0x,19.32392693,None
3934898,1498517418,0x2b62e4214349e868ab7fe6f1bcf38da295256697b2ec287f78cab6416fead5a0,0xfbb1b73c4f0bda4f67dca266ce6ef42f520fbb98,0x7071f121c038a98f8a7d485648a27fcd48891ba8,0,0,call,0x,9.12463824,None
3934925,1498517916,0xaf036602fb2ff02f26c72ddfe4a695bec2230aadbc16f0632354530d6b43197b,0xfbb1b73c4f0bda4f67dca266ce6ef42f520fbb98,0x7071f121c038a98f8a7d485648a27fcd48891ba8,0,0,call,0x,17.88626845,None
3934938,1498518178,0xa15e8af11e0329724e22cc8a7020c50721cad55398dbff5af609b9c96eef8019,0xfbb1b73c4f0bda4f67dca266ce6ef42f520fbb98,0x7071f121c038a98f8a7d485648a27fcd48891ba8,0,0,call,0x,24.99006171000001,None
3935218,1498523023,0x569266fe0ba5830d095daa85587bcd2612a8b7b92f0dfb470637c0f0fa0b03a8,0xfbb1b73c4f0bda4f67dca266ce6ef42f520fbb98,0x7071f121c038a98f8a7d485648a27fcd48891ba8,0,0,call,0x,9.62565233,None
3935303,1498524585,0xe8994ba7576706d5d7bd6e72d8769886eaa6700a11d265ddfd649f96cb834a4d,0xfbb1b73c4f0bda4f67dca266ce6ef42f520fbb98,0x7071f121c038a98f8a7d485648a27fcd48891ba8,0,0,call,0x,12.55932922,None
3936076,1498537770,0xb0271817c0ca7a0b9ca7efcb03bd97ad7f3c5c3ad0e3ec660570a5293665ecfc,0xfbb1b73c4f0bda4f67dca266ce6ef42f520fbb98,0x7071f121c038a98f8a7d485648a27fcd48891ba8,0,0,call,0x,8.99700453,None
3936345,1498542744,0x05a7db9c7402e2536b5d2b3e44f23ee31893a8a85864c2ba98884bc41228ef5c,0xfbb1b73c4f0bda4f67dca266ce6ef42f520fbb98,0x7071f121c038a98f8a7d485648a27fcd48891ba8,0,0,call,0x,45.89745134,None
3936442,1498544323,0xdcd607b6943a72ac4f8069948c258e5d19eccf6333c47115a710b9254d967dc1,0xfbb1b73c4f0bda4f67dca266ce6ef42f520fbb98,0x7071f121c038a98f8a7d485648a27fcd48891ba8,0,0,call,0x,11.4086602,None
3936503,1498545297,0x14efa84cd23ea80199f12013c5a642882d23724b0a0783d760390017ab191163,0xfbb1b73c4f0bda4f67dca266ce6ef42f520fbb98,0x7071f121c038a98f8a7d485648a27fcd48891ba8,0,0,call,0x,10.22325053,None
3936597,1498546989,0x39cadd89eace3f265b8a7581ea9c01fa0dc9f6d85d1b981f3b72551c86ba5f46,0xfbb1b73c4f0bda4f67dca266ce6ef42f520fbb98,0x7071f121c038a98f8a7d485648a27fcd48891ba8,0,0,call,0x,12.51614716,None
3936665,1498547962,0xe496ba6594a7dd2b139b6814357f4650ef3991d75d8052573ec93fe6a1419a84,0xfbb1b73c4f0bda4f67dca266ce6ef42f520fbb98,0x7071f121c038a98f8a7d485648a27fcd48891ba8,0,0,call,0x,8.58133382,None
3936865,1498551529,0xb49c3f709d0cd69586bb95c7ab08c1564996d6a05e43b3d5a8a0eaa4bb2b2f76,0xfbb1b73c4f0bda4f67dca266ce6ef42f520fbb98,0x7071f121c038a98f8a7d485648a27fcd48891ba8,0,0,call,0x,49.07776873,None
3936884,1498551999,0x2151e67b33f03f4a8a19506791590f7609c0c458b45a51954719404054a23c7f,0xfbb1b73c4f0bda4f67dca266ce6ef42f520fbb98,0x7071f121c038a98f8a7d485648a27fcd48891ba8,0,0,call,0x,8.40362795,None
3936892,1498552100,0x0f3c29d84bf163f44ecee6c3a0e55199692dc3ac08895dac60b75b3cd077ed51,0xfbb1b73c4f0bda4f67dca266ce6ef42f520fbb98,0x7071f121c038a98f8a7d485648a27fcd48891ba8,0,0,call,0x,10.32893049,None
3936978,1498553790,0xdb1b69d226b1e23028bbadce046ca8dd267f7889b1d773f1667e0869d922d0a7,0xfbb1b73c4f0bda4f67dca266ce6ef42f520fbb98,0x7071f121c038a98f8a7d485648a27fcd48891ba8,0,0,call,0x,17.21561414,None
3937031,1498554657,0xe125c23fe45bc00f176797ee8a688be9d8bf9c24d9ef932a51d58547bc27b469,0xfbb1b73c4f0bda4f67dca266ce6ef42f520fbb98,0x7071f121c038a98f8a7d485648a27fcd48891ba8,0,0,call,0x,11.11717828,None
3937051,1498554869,0x803291bd2b5d96f2d68eaeff6bbe95264e8cef5647d62de80a120a8cbf0a1870,0xfbb1b73c4f0bda4f67dca266ce6ef42f520fbb98,0x7071f121c038a98f8a7d485648a27fcd48891ba8,0,0,call,0x,11.83292476,None
3937375,1498560197,0x21c1fa820dbce4e7a0aa0c2bbd0969e1a58b2723846d09d0a293f74ddd00a1df,0xfbb1b73c4f0bda4f67dca266ce6ef42f520fbb98,0x7071f121c038a98f8a7d485648a27fcd48891ba8,0,0,call,0x,19.67140552,None
3937486,1498562139,0xd610e8e22ade7024c73494a2c33821ef79076c51b49e95f1dbfcd830d5fb0ef3,0xfbb1b73c4f0bda4f67dca266ce6ef42f520fbb98,0x7071f121c038a98f8a7d485648a27fcd48891ba8,0,0,call,0x,10.87641315,None
3937524,1498562863,0xb08b63f4739adf38cb4664630d90d8f713412f941ae21382e706b93fc2f2a6b6,0xfbb1b73c4f0bda4f67dca266ce6ef42f520fbb98,0x7071f121c038a98f8a7d485648a27fcd48891ba8,0,0,call,0x,8.88203385,None
3937613,1498564330,0xc450f54d980a5a4625746718c8f8839fccc83d480b84870ccc3c63722fd47441,0xfbb1b73c4f0bda4f67dca266ce6ef42f520fbb98,0x7071f121c038a98f8a7d485648a27fcd48891ba8,0,0,call,0x,13.56345574,None
3937629,1498564567,0x414f74792180fe4385440f0e007a8da9929da216ce5bef686bc1362383dd7d2b,0xfbb1b73c4f0bda4f67dca266ce6ef42f520fbb98,0x7071f121c038a98f8a7d485648a27fcd48891ba8,0,0,call,0x,8.82333171,None
3937768,1498567240,0x5aa46e29ee9a578f709c0e4dc1e2d8e53b5d186c1470972469ff0ab109d71011,0xfbb1b73c4f0bda4f67dca266ce6ef42f520fbb98,0x7071f121c038a98f8a7d485648a27fcd48891ba8,0,0,call,0x,18.85978924,None
3937841,1498568451,0x6be803a801f7ab1cc0915b41128fb831936fd1ce5a0b041c5027e31c07f73a87,0xfbb1b73c4f0bda4f67dca266ce6ef42f520fbb98,0x7071f121c038a98f8a7d485648a27fcd48891ba8,0,0,call,0x,9.96507502,None
3937959,1498571005,0x53548072b3323978e32615ff4e628a5883fc5b8803ce5a11dddcedb2062bc0b2,0xfbb1b73c4f0bda4f67dca266ce6ef42f520fbb98,0x7071f121c038a98f8a7d485648a27fcd48891ba8,0,0,call,0x,18.19644626,None
3938033,1498572077,0x3bef12b43c3080f543444a7de62d1bd41013fbd1899dbc43a3fb027bd75c9615,0xfbb1b73c4f0bda4f67dca266ce6ef42f520fbb98,0x7071f121c038a98f8a7d485648a27fcd48891ba8,0,0,call,0x,27.8433786,None
3938113,1498573335,0x5b5c625b196eded42485b5e0f504500996f714ba38eba21d352983e71aa55198,0xfbb1b73c4f0bda4f67dca266ce6ef42f520fbb98,0x7071f121c038a98f8a7d485648a27fcd48891ba8,0,0,call,0x,33.14259111,None
3938651,1498582331,0x6d7ffd053b126a999380b001ebd0790a47e95e1f08577c52a83dd655a756cbb0,0xfbb1b73c4f0bda4f67dca266ce6ef42f520fbb98,0x7071f121c038a98f8a7d485648a27fcd48891ba8,0,0,call,0x,57.60633929,None
3938676,1498582812,0x3717b6f3544a442d276e4fb621f1d47b2c0d8454e7837876bbb4ed3a6d2a8a70,0xfbb1b73c4f0bda4f67dca266ce6ef42f520fbb98,0x7071f121c038a98f8a7d485648a27fcd48891ba8,0,0,call,0x,17.19003801,None
3938752,1498584156,0xea62a939e1c6ca3189f4fdf410f780a9e7f76b3b397baa18f285897d9d3e25e2,0xfbb1b73c4f0bda4f67dca266ce6ef42f520fbb98,0x7071f121c038a98f8a7d485648a27fcd48891ba8,0,0,call,0x,21.61036664,None
3938786,1498584673,0xdc4a677f5d7e5474def7427853171b974a11502feeca4f3099093ecf5db7d2fb,0xfbb1b73c4f0bda4f67dca266ce6ef42f520fbb98,0x7071f121c038a98f8a7d485648a27fcd48891ba8,0,0,call,0x,12.34421613,None
3938894,1498586483,0x5a1cce86b9ed302e7437820be0c82413212151983a01c7288884e998ca4088e1,0xfbb1b73c4f0bda4f67dca266ce6ef42f520fbb98,0x7071f121c038a98f8a7d485648a27fcd48891ba8,0,0,call,0x,43.86452395,None
3938954,1498587708,0xeccfcc056d9d7c5021e1a176ff9c1d0d032e49d99d036c1163e7839f39503ceb,0xfbb1b73c4f0bda4f67dca266ce6ef42f520fbb98,0x7071f121c038a98f8a7d485648a27fcd48891ba8,0,0,call,0x,18.08789225,None
3938988,1498588270,0x483253dbfa4d1f260a31277acb0d40be9b695219fb0a1bdf1a0817e5f6735a6c,0xfbb1b73c4f0bda4f67dca266ce6ef42f520fbb98,0x7071f121c038a98f8a7d485648a27fcd48891ba8,0,0,call,0x,15.77206792,None
3939046,1498589489,0xae343ed4f6b1949b116d57f2db864a23d0e8c305dac4d6a0f45322e1558c0638,0xfbb1b73c4f0bda4f67dca266ce6ef42f520fbb98,0x7071f121c038a98f8a7d485648a27fcd48891ba8,0,0,call,0x,44.94390877,None
3939065,1498590136,0x75a2427a948327c7edd6220b491dc6a2ec033bd345f31c9f7ce29f4ee2e7ae80,0xfbb1b73c4f0bda4f67dca266ce6ef42f520fbb98,0x7071f121c038a98f8a7d485648a27fcd48891ba8,0,0,call,0x,48.96334459,None
3939099,1498590703,0xd7b31ec4dcf7a6c6f1c1dbf1b022c5e74d1146a02cb87ce65be3deca9c15ab0a,0xfbb1b73c4f0bda4f67dca266ce6ef42f520fbb98,0x7071f121c038a98f8a7d485648a27fcd48891ba8,0,0,call,0x,14.30647012,None
3939134,1498591316,0x5bf945ee221080c61cc12f78668a40318c5afd8ab8fe704a5d42db54d804566e,0xfbb1b73c4f0bda4f67dca266ce6ef42f520fbb98,0x7071f121c038a98f8a7d485648a27fcd48891ba8,0,0,call,0x,29.53529441,None
3939223,1498592805,0x29d3b3ad98a5cd1e28de680ad0115b493f7d792987dbc1af483b8f6ca986eaa0,0xfbb1b73c4f0bda4f67dca266ce6ef42f520fbb98,0x7071f121c038a98f8a7d485648a27fcd48891ba8,0,0,call,0x,45.26795283999999,None
3939263,1498593591,0xe8ee50aa1341b723f0d3f19971dfebdfddee2f9936a96bcc6e87d29abf33e7b7,0xfbb1b73c4f0bda4f67dca266ce6ef42f520fbb98,0x7071f121c038a98f8a7d485648a27fcd48891ba8,0,0,call,0x,48.63678326,None
3939275,1498593822,0x09f490d969fc32b1efa7eed112dd7f4e1dfceb533dbb3e6d624de34fedeb5728,0xfbb1b73c4f0bda4f67dca266ce6ef42f520fbb98,0x7071f121c038a98f8a7d485648a27fcd48891ba8,0,0,call,0x,27.88363286,None
3939337,1498594911,0x90c3e0b8266cae4254dca61839df02682ed00221cdc7b9c4380a5b037289364d,0xfbb1b73c4f0bda4f67dca266ce6ef42f520fbb98,0x7071f121c038a98f8a7d485648a27fcd48891ba8,0,0,call,0x,9.984726750000002,None
3939374,1498595442,0xde2e089ce0fb6f859546ef1f2f5a478caac614e243808c04e3b6373a37cb02f3,0xfbb1b73c4f0bda4f67dca266ce6ef42f520fbb98,0x7071f121c038a98f8a7d485648a27fcd48891ba8,0,0,call,0x,18.09411456,None
3939414,1498596188,0xedd40fbef765706a769ffa7044efdb75cea5f26f049ca4d23442f7793d505f2a,0xfbb1b73c4f0bda4f67dca266ce6ef42f520fbb98,0x7071f121c038a98f8a7d485648a27fcd48891ba8,0,0,call,0x,10.15530179,None
3939446,1498596717,0x455ce1db73134148d315661f04fe8f118d5726e58332e6199c11d2c83748a1a9,0xfbb1b73c4f0bda4f67dca266ce6ef42f520fbb98,0x7071f121c038a98f8a7d485648a27fcd48891ba8,0,0,call,0x,13.43370882,None
3939480,1498597288,0x898b1addc204202cb1772fba32efbb8268020239be20a216c0a4e8435e3cf8c0,0xfbb1b73c4f0bda4f67dca266ce6ef42f520fbb98,0x7071f121c038a98f8a7d485648a27fcd48891ba8,0,0,call,0x,36.50733262,None
3939511,1498597897,0x6380ca00a0d5acedda9fb784d753aed1e7ab7160b07cca9ec6b6de51d3f5f99e,0xfbb1b73c4f0bda4f67dca266ce6ef42f520fbb98,0x7071f121c038a98f8a7d485648a27fcd48891ba8,0,0,call,0x,8.57909765,None
3939543,1498598498,0xa1efcf73c22e78872178639d3d2062b46782561f1f4b877cbe86bf6df147414d,0xfbb1b73c4f0bda4f67dca266ce6ef42f520fbb98,0x7071f121c038a98f8a7d485648a27fcd48891ba8,0,0,call,0x,63.15973277000001,None
3939627,1498599726,0x5e2e4d286d9eca0dd4bea57091bc97520ea5e2b55edf2fdbde28cbde350fce54,0xfbb1b73c4f0bda4f67dca266ce6ef42f520fbb98,0x7071f121c038a98f8a7d485648a27fcd48891ba8,0,0,call,0x,26.72432227,None
3939677,1498600334,0xb4127a4edf2451f473105dd26c1e3a6ce6cdfd4540af7dc78f562b9b657c97d7,0xfbb1b73c4f0bda4f67dca266ce6ef42f520fbb98,0x7071f121c038a98f8a7d485648a27fcd48891ba8,0,0,call,0x,12.740551449999998,None
3939707,1498600932,0x21005cf0e0f0bf4f0b83ab9a8d5363a9187672f5b74faefe8558aa1ad85b0775,0xfbb1b73c4f0bda4f67dca266ce6ef42f520fbb98,0x7071f121c038a98f8a7d485648a27fcd48891ba8,0,0,call,0x,18.092876699999998,None
3939779,1498602053,0x0e5153e69c8a3fb6bdf8c4fddd5a4963c18d65f7aa345c681937abba424c2a3b,0xfbb1b73c4f0bda4f67dca266ce6ef42f520fbb98,0x7071f121c038a98f8a7d485648a27fcd48891ba8,0,0,call,0x,16.13544282,None
3939884,1498603852,0x738194f87e7058ba9ccaafc93a77ebc082a42ab3f5e0cb4d298233a307df7bf4,0xfbb1b73c4f0bda4f67dca266ce6ef42f520fbb98,0x7071f121c038a98f8a7d485648a27fcd48891ba8,0,0,call,0x,9.14166675,None
3940107,1498607491,0x3e20fbe38f2108e1e678d6ba22c2897c144948eebce982f71d9f99a639614abf,0xfbb1b73c4f0bda4f67dca266ce6ef42f520fbb98,0x7071f121c038a98f8a7d485648a27fcd48891ba8,0,0,call,0x,9.629412209999998,None
3940237,1498609896,0xbd9b307220419e4b1f3031c07a6df99c73ecd09516e4b024785e7de2e3a14139,0xfbb1b73c4f0bda4f67dca266ce6ef42f520fbb98,0x7071f121c038a98f8a7d485648a27fcd48891ba8,0,0,call,0x,15.5238163,None
3940579,1498615823,0x2ffb594e443396ea6939ebf56ace5d9373c193b19c6ef4cade538d75fbbc2f67,0xfbb1b73c4f0bda4f67dca266ce6ef42f520fbb98,0x7071f121c038a98f8a7d485648a27fcd48891ba8,0,0,call,0x,10.3245916,None
3941205,1498626010,0xbafd3e62ef46b0eda9aee0e108231c8a029ed4548d570ff761ae0c0edc7b22aa,0xfbb1b73c4f0bda4f67dca266ce6ef42f520fbb98,0x7071f121c038a98f8a7d485648a27fcd48891ba8,0,0,call,0x,10.51870942,None
3941329,1498627906,0x743b851a810c5a190dbab9ec5399af4876e83b1b3ddcd7f8cfb81724e95c6f04,0xfbb1b73c4f0bda4f67dca266ce6ef42f520fbb98,0x7071f121c038a98f8a7d485648a27fcd48891ba8,0,0,call,0x,21.8140112,None
3941382,1498629053,0xb3c879391d54d759166d0532add67d28f316aff210d389bd23ceaa4fad874b3c,0xfbb1b73c4f0bda4f67dca266ce6ef42f520fbb98,0x7071f121c038a98f8a7d485648a27fcd48891ba8,0,0,call,0x,11.47256492,None
3941492,1498630872,0xf5d96a854f4e4e5a5c04376efa7d8acb5a9a431d08f1285a06e638d6f79962f8,0xfbb1b73c4f0bda4f67dca266ce6ef42f520fbb98,0x7071f121c038a98f8a7d485648a27fcd48891ba8,0,0,call,0x,16.20944654,None
3941525,1498631471,0x332e34d6d209f61068b61a34227b98669aa01ab57bf3619f321da0e5c6ce0ca7,0xfbb1b73c4f0bda4f67dca266ce6ef42f520fbb98,0x7071f121c038a98f8a7d485648a27fcd48891ba8,0,0,call,0x,13.862859799999999,None
3941689,1498634578,0xfae7fdd38fd4dda62685a2cc96ba85a5efc5dcb5f03b4ee53677428d2026b089,0xfbb1b73c4f0bda4f67dca266ce6ef42f520fbb98,0x7071f121c038a98f8a7d485648a27fcd48891ba8,0,0,call,0x,23.31720809,None
3941819,1498636938,0x3f1378283b11fea71e9bc330f4a09758fa436024c723a38b277b480f94113571,0xfbb1b73c4f0bda4f67dca266ce6ef42f520fbb98,0x7071f121c038a98f8a7d485648a27fcd48891ba8,0,0,call,0x,17.92643635,None
3941877,1498638139,0x4b66016254b824eee9a804cbea2388bb1c0671ffff361ea8db3da27c91b800b9,0xfbb1b73c4f0bda4f67dca266ce6ef42f520fbb98,0x7071f121c038a98f8a7d485648a27fcd48891ba8,0,0,call,0x,42.02350329,None
3941911,1498638637,0xa9fb622d3f3414c35c08690ad34959f11e1661d07cd8eaa69db176301527e517,0xfbb1b73c4f0bda4f67dca266ce6ef42f520fbb98,0x7071f121c038a98f8a7d485648a27fcd48891ba8,0,0,call,0x,8.05005096,None
3941944,1498639250,0x0ff79fe0b5eec431d30fa5bf037a14816002dbd916fa9968ee64a34350717653,0xfbb1b73c4f0bda4f67dca266ce6ef42f520fbb98,0x7071f121c038a98f8a7d485648a27fcd48891ba8,0,0,call,0x,23.72615989,None
3942019,1498640468,0xd48ec90f07527f806a38942d777919a7ed52a8f9814e4ec30ad36d08dbd9c800,0xfbb1b73c4f0bda4f67dca266ce6ef42f520fbb98,0x7071f121c038a98f8a7d485648a27fcd48891ba8,0,0,call,0x,37.55705399,None
3942081,1498641444,0xa9ee1c7000935dc8f2709cbcefd32d01f6fa3732806b20bbe65d90a8bfa98170,0xfbb1b73c4f0bda4f67dca266ce6ef42f520fbb98,0x7071f121c038a98f8a7d485648a27fcd48891ba8,0,0,call,0x,11.408169099999999,None
3942169,1498642906,0x23b3306460e8926505d1700c5cc7f7a25368a30a1ad6d85b323da92e0fddf4f7,0xfbb1b73c4f0bda4f67dca266ce6ef42f520fbb98,0x7071f121c038a98f8a7d485648a27fcd48891ba8,0,0,call,0x,46.837896,None
3942212,1498643501,0x4ab856cdaba87187415e1b0098462c067cdedf4d7710eebdf3cde47fb890d04e,0xfbb1b73c4f0bda4f67dca266ce6ef42f520fbb98,0x7071f121c038a98f8a7d485648a27fcd48891ba8,0,0,call,0x,17.16632702,None
3942372,1498646560,0x1a9546d06a38b7f67361770a27a3d110f4f469fc3f1e85f41604077f2546401f,0xfbb1b73c4f0bda4f67dca266ce6ef42f520fbb98,0x7071f121c038a98f8a7d485648a27fcd48891ba8,0,0,call,0x,34.38961061,None
3942432,1498647719,0x30fd66c65cd55d478865fabaa6a2441b17432dd93e1630e1705af3ecc5b54010,0xfbb1b73c4f0bda4f67dca266ce6ef42f520fbb98,0x7071f121c038a98f8a7d485648a27fcd48891ba8,0,0,call,0x,25.8281848,None
3942518,1498649463,0x1aac910d5f604720401b0c6fc437f6f067835ab9aee3161007c2a2a7b4c43805,0xfbb1b73c4f0bda4f67dca266ce6ef42f520fbb98,0x7071f121c038a98f8a7d485648a27fcd48891ba8,0,0,call,0x,23.27672709,None
3942760,1498653745,0x0d95ade31fe5d77c520ebbd107012339cf8c6583decd6660a7b63b50d33bea3c,0xfbb1b73c4f0bda4f67dca266ce6ef42f520fbb98,0x7071f121c038a98f8a7d485648a27fcd48891ba8,0,0,call,0x,37.26320958,None
3942811,1498654587,0xfcdc4683cffa8954f0459c6a1a16ab18cea2a898c7b309a4b39dbed3d2f0fbbf,0xfbb1b73c4f0bda4f67dca266ce6ef42f520fbb98,0x7071f121c038a98f8a7d485648a27fcd48891ba8,0,0,call,0x,36.92567366,None
3943025,1498658540,0x1030c5df13c0f7145d032ccd4b4a13e1bea9ca554279e8f8c2e0ff5a6511dd0a,0xfbb1b73c4f0bda4f67dca266ce6ef42f520fbb98,0x7071f121c038a98f8a7d485648a27fcd48891ba8,0,0,call,0x,34.87933523,None
3943132,1498660312,0x9d1776667ba483d16ce1275cd0ac868202f74472d49882acfdb0b7a689068555,0xfbb1b73c4f0bda4f67dca266ce6ef42f520fbb98,0x7071f121c038a98f8a7d485648a27fcd48891ba8,0,0,call,0x,24.29140018,None
3943170,1498660945,0xb54716a6aea90092cd0477abdef94602c92ab99fb43e45e6fcff5157438b04ef,0xfbb1b73c4f0bda4f67dca266ce6ef42f520fbb98,0x7071f121c038a98f8a7d485648a27fcd48891ba8,0,0,call,0x,26.48246776,None
3943228,1498662104,0x8698161e08e743c2a68317a4f0c340d948e9c9ff4d732fb19673000a3a303687,0xfbb1b73c4f0bda4f67dca266ce6ef42f520fbb98,0x7071f121c038a98f8a7d485648a27fcd48891ba8,0,0,call,0x,26.37796846,None
3943499,1498666915,0xa07de34a5c97605c7c09ebf4392e678db20c33f60fe51209cf36308f0a035d24,0xfbb1b73c4f0bda4f67dca266ce6ef42f520fbb98,0x7071f121c038a98f8a7d485648a27fcd48891ba8,0,0,call,0x,33.15484277,None
3943877,1498673458,0xbb098dc11882bff2a3f195213e389336c6dd2d5e8df02583d3f33f782a34c91d,0xfbb1b73c4f0bda4f67dca266ce6ef42f520fbb98,0x7071f121c038a98f8a7d485648a27fcd48891ba8,0,0,call,0x,39.41818041,None
3944129,1498677671,0x646d1179c37231b78a5bcdb9f7596d1c7e2aed68bd8ed4c230914746a045eb67,0xfbb1b73c4f0bda4f67dca266ce6ef42f520fbb98,0x7071f121c038a98f8a7d485648a27fcd48891ba8,0,0,call,0x,45.06561456,None
3944185,1498678877,0x3f266336dadfff2722c9f7a2ad9c600e5000a6f418f379a01a64c9b33da8f4fd,0xfbb1b73c4f0bda4f67dca266ce6ef42f520fbb98,0x7071f121c038a98f8a7d485648a27fcd48891ba8,0,0,call,0x,27.27328829,None
3944344,1498681326,0x0132c28d70f84ab7a6463c58364cf135aee583ca99c48bdacd51c492ee06bdb0,0xfbb1b73c4f0bda4f67dca266ce6ef42f520fbb98,0x7071f121c038a98f8a7d485648a27fcd48891ba8,0,0,call,0x,29.50256368,None
3944414,1498682606,0x10b8f2685742d9bb72b8e212230ce2cf6c16b08a96803dbb61035e9344fcceba,0xfbb1b73c4f0bda4f67dca266ce6ef42f520fbb98,0x7071f121c038a98f8a7d485648a27fcd48891ba8,0,0,call,0x,56.39688836,None
3944586,1498685645,0x08fea51baf2cef9dcac9843288005a8530d0a7086fed541cfb18dedddb9e72e3,0xfbb1b73c4f0bda4f67dca266ce6ef42f520fbb98,0x7071f121c038a98f8a7d485648a27fcd48891ba8,0,0,call,0x,26.79206292,None
3944734,1498687987,0xdb3b621107d6c55df6205b13ddd133d4f7a2890a50a8ccebfa23ed0494968c43,0xfbb1b73c4f0bda4f67dca266ce6ef42f520fbb98,0x7071f121c038a98f8a7d485648a27fcd48891ba8,0,0,call,0x,60.6628039,None
3944942,1498691533,0xb6b389c7745851d1ccc533ff99becffc24e3cf09632056b9e0df9900c2741ffc,0xfbb1b73c4f0bda4f67dca266ce6ef42f520fbb98,0x7071f121c038a98f8a7d485648a27fcd48891ba8,0,0,call,0x,25.20898924,None
3946540,1498719153,0x7ac325c3d82898f7e6cbeebaeba146d52adcbab7b848621f3dd12f9bb95b2e05,0xfbb1b73c4f0bda4f67dca266ce6ef42f520fbb98,0x7071f121c038a98f8a7d485648a27fcd48891ba8,0,0,call,0x,23.80797449,None
3946748,1498722719,0xf3051799951dc8b75ed22cc15f10f74109996da84adf8053b1171b2cf998de25,0xfbb1b73c4f0bda4f67dca266ce6ef42f520fbb98,0x7071f121c038a98f8a7d485648a27fcd48891ba8,0,0,call,0x,28.71324649,None
3946910,1498725534,0x175240d45723e77b6751f6d1aad84881d856c134e6f014933a439fb48bde9e92,0xfbb1b73c4f0bda4f67dca266ce6ef42f520fbb98,0x7071f121c038a98f8a7d485648a27fcd48891ba8,0,0,call,0x,39.07366477,None
3947322,1498732859,0x81edabfa4df4eb60f514be3eeb5658fd15eee28de61bdd8f76dde26246e52613,0xfbb1b73c4f0bda4f67dca266ce6ef42f520fbb98,0x7071f121c038a98f8a7d485648a27fcd48891ba8,0,0,call,0x,23.16425672,None
3947505,1498735931,0xd6c723cf0b824efe54ccdd761069feb215775e381db211cfe1bbe4750e016027,0xfbb1b73c4f0bda4f67dca266ce6ef42f520fbb98,0x7071f121c038a98f8a7d485648a27fcd48891ba8,0,0,call,0x,25.24479752,None
3947656,1498738365,0xa10ae9cfea7163a3d5b2859c0aa0e6e15f13ff8e3f5bd86ae70e7bfecb662098,0xfbb1b73c4f0bda4f67dca266ce6ef42f520fbb98,0x7071f121c038a98f8a7d485648a27fcd48891ba8,0,0,call,0x,29.02326797,None
3948094,1498746057,0x1e2bef1be37b6c5c5d8a00704d889c8bf0fcdee2f0cd4f4381ace9ff80cac6fd,0xfbb1b73c4f0bda4f67dca266ce6ef42f520fbb98,0x7071f121c038a98f8a7d485648a27fcd48891ba8,0,0,call,0x,23.04325827000001,None
3948240,1498748522,0x292370505c7224fbc597629f4e332a0b8d77ca1b44dc54383fe142e8848c183d,0xfbb1b73c4f0bda4f67dca266ce6ef42f520fbb98,0x7071f121c038a98f8a7d485648a27fcd48891ba8,0,0,call,0x,45.84017066,None
3948830,1498758610,0x89f3edc965abb64b697201a8595f85a78b77a50a9be72282a5b857da5d953979,0xfbb1b73c4f0bda4f67dca266ce6ef42f520fbb98,0x7071f121c038a98f8a7d485648a27fcd48891ba8,0,0,call,0x,25.38147642,None
3948978,1498761092,0x0f16dadd1292b6b9c93053a4319a3463ebfddd9f44d093d79e1855379fb519f6,0xfbb1b73c4f0bda4f67dca266ce6ef42f520fbb98,0x7071f121c038a98f8a7d485648a27fcd48891ba8,0,0,call,0x,26.96538722,None
3949356,1498767716,0x0ae7cc81f6ac5ce1392b09ed8689bf379d6c99ae2726c4af595e45e662a98ead,0xfbb1b73c4f0bda4f67dca266ce6ef42f520fbb98,0x7071f121c038a98f8a7d485648a27fcd48891ba8,0,0,call,0x,32.50438346,None
3949494,1498770102,0xcd927ad032b71c31b4937d5fb42c68cfb5646926faaa83e65d46c8f87d6855ae,0xfbb1b73c4f0bda4f67dca266ce6ef42f520fbb98,0x7071f121c038a98f8a7d485648a27fcd48891ba8,0,0,call,0x,23.65232243,None
3949789,1498774891,0xc627651d4e66db50d9bdaa008f7c799bf7bbce8c190c3e5f054cb20c3d013bb0,0xfbb1b73c4f0bda4f67dca266ce6ef42f520fbb98,0x7071f121c038a98f8a7d485648a27fcd48891ba8,0,0,call,0x,28.8527657,None
3951072,1498797697,0xcaad3e4e64a3e7b233ef3aee075cb95219383ea3bbb2c3b73406cc321ffcfb66,0xfbb1b73c4f0bda4f67dca266ce6ef42f520fbb98,0x7071f121c038a98f8a7d485648a27fcd48891ba8,0,0,call,0x,23.755697199999997,None
3951223,1498800744,0x07aba0c901f8a895e850e151c32cc3465961536dd316c7e68ac9abdf6453b3d0,0xfbb1b73c4f0bda4f67dca266ce6ef42f520fbb98,0x7071f121c038a98f8a7d485648a27fcd48891ba8,0,0,call,0x,29.50460891,None
3951521,1498805507,0xacfedf0034c845d9bc91d18c34d3b34cea09d1fa39e5108098b951ea803ea56a,0xfbb1b73c4f0bda4f67dca266ce6ef42f520fbb98,0x7071f121c038a98f8a7d485648a27fcd48891ba8,0,0,call,0x,32.127538300000005,None
3951916,1498812111,0x146cccd55b4968d1bafcd49fd1676ec51f46c049c0423a796dc2ebe5c2418e6c,0xfbb1b73c4f0bda4f67dca266ce6ef42f520fbb98,0x7071f121c038a98f8a7d485648a27fcd48891ba8,0,0,call,0x,36.52366397,None
3952162,1498816245,0xed9e8ed57842205636bf7f22ed4705cb0a31aa8791efd7a3d391f3e171d41a9b,0xfbb1b73c4f0bda4f67dca266ce6ef42f520fbb98,0x7071f121c038a98f8a7d485648a27fcd48891ba8,0,0,call,0x,28.64470833,None
3952283,1498818051,0xf8b362ce6f37365f9075f63c74282550d90c877260addc6d4ae847e2ca962e9e,0xfbb1b73c4f0bda4f67dca266ce6ef42f520fbb98,0x7071f121c038a98f8a7d485648a27fcd48891ba8,0,0,call,0x,25.12088549,None
3952361,1498819297,0xb8f72099261ccaa362d08cbd90022e47e0b9c767ca379782d0f11e01f6ecd167,0xfbb1b73c4f0bda4f67dca266ce6ef42f520fbb98,0x7071f121c038a98f8a7d485648a27fcd48891ba8,0,0,call,0x,26.17055786,None
3953668,1498842086,0x4b90a3cc81f73af2362d4445d940d0d33af88ad8af89f2a03fe4850c78eb84ac,0xfbb1b73c4f0bda4f67dca266ce6ef42f520fbb98,0x7071f121c038a98f8a7d485648a27fcd48891ba8,0,0,call,0x,26.5511649,None
3954148,1498850519,0x098f6af744864d85b7d825208ba4a904de95026ce0d94bbda35aa04ebcd708f9,0xfbb1b73c4f0bda4f67dca266ce6ef42f520fbb98,0x7071f121c038a98f8a7d485648a27fcd48891ba8,0,0,call,0x,31.12978412,None
3954624,1498858878,0x56a887647fd252dc1f9ec6dee60110d47820fb55af8899312bbf33ad96394363,0xfbb1b73c4f0bda4f67dca266ce6ef42f520fbb98,0x7071f121c038a98f8a7d485648a27fcd48891ba8,0,0,call,0x,30.59344265,None
3954812,1498861905,0x4c625315384dd77a327de2f6f56af2369c941652a15c33e7a547dfa64ce547ad,0xfbb1b73c4f0bda4f67dca266ce6ef42f520fbb98,0x7071f121c038a98f8a7d485648a27fcd48891ba8,0,0,call,0x,30.197965340000003,None
3955028,1498865447,0xdb52a3b578b341bf1944a35f7ad82440a7cbb8b985bc689af2837a1f70b89d26,0xfbb1b73c4f0bda4f67dca266ce6ef42f520fbb98,0x7071f121c038a98f8a7d485648a27fcd48891ba8,0,0,call,0x,32.56402182,None
3956353,1498888435,0x892a7b90b422d9578f83e93de3bcd8eadced2c469cae0f7819496bf9707262df,0xfbb1b73c4f0bda4f67dca266ce6ef42f520fbb98,0x7071f121c038a98f8a7d485648a27fcd48891ba8,0,0,call,0x,58.43418876000001,None
3956461,1498890085,0x2152d8a11c94d9fd173d5589ce36eea4b57c05ea207aee6175973d3f7581e661,0xfbb1b73c4f0bda4f67dca266ce6ef42f520fbb98,0x7071f121c038a98f8a7d485648a27fcd48891ba8,0,0,call,0x,26.59433669,None
3957176,1498902099,0xd8cb03e4d3c487dfc87294fe9070bae99f9c14f896e17480f876b0dc7207fa39,0xfbb1b73c4f0bda4f67dca266ce6ef42f520fbb98,0x7071f121c038a98f8a7d485648a27fcd48891ba8,0,0,call,0x,24.20012595,None
3957435,1498906836,0x1a827c90acc69f89b8c874fc309cad339aeb67c4f25b11f102d0499b66244b18,0xfbb1b73c4f0bda4f67dca266ce6ef42f520fbb98,0x7071f121c038a98f8a7d485648a27fcd48891ba8,0,0,call,0x,28.09033301,None
3957793,1498912905,0xbb8676c560d174b3c49df764d4fe5df037cef546403d061bab7649ba9bacd17d,0xfbb1b73c4f0bda4f67dca266ce6ef42f520fbb98,0x7071f121c038a98f8a7d485648a27fcd48891ba8,0,0,call,0x,23.88619663,None
3958065,1498917667,0xecaa62b27cfdfcc91af29a59752aad5468d8942849ef65009bce59bfd8af616a,0xfbb1b73c4f0bda4f67dca266ce6ef42f520fbb98,0x7071f121c038a98f8a7d485648a27fcd48891ba8,0,0,call,0x,25.07225106,None
3958664,1498928450,0xe157e697d3a385974f6cbb5468eacb8b5b95c50089222e1e76423ef0e386ea00,0xfbb1b73c4f0bda4f67dca266ce6ef42f520fbb98,0x7071f121c038a98f8a7d485648a27fcd48891ba8,0,0,call,0x,40.99588093000001,None
3959099,1498935653,0x8b731d2e3891ebe4ff3e1168ec44505cf75a9d28969891009e53604602df7510,0xfbb1b73c4f0bda4f67dca266ce6ef42f520fbb98,0x7071f121c038a98f8a7d485648a27fcd48891ba8,0,0,call,0x,23.57686045,None
3959256,1498938070,0x50904f59026fe744d132f844c15fe8c25e3b48628190977dbdf7ff8a38f03225,0xfbb1b73c4f0bda4f67dca266ce6ef42f520fbb98,0x7071f121c038a98f8a7d485648a27fcd48891ba8,0,0,call,0x,23.67123185,None
3959439,1498941140,0x0fe03c8e0377a4c9fb807cf78675e10fe6f0c544320d99ecd0a59a1d207337d6,0xfbb1b73c4f0bda4f67dca266ce6ef42f520fbb98,0x7071f121c038a98f8a7d485648a27fcd48891ba8,0,0,call,0x,23.126516100000003,None
3959541,1498942915,0x1f2b3c16ebc0a5fd5297a60c5ef76e1effed9ba7ad9e9326ea9b1a83a3954791,0xfbb1b73c4f0bda4f67dca266ce6ef42f520fbb98,0x7071f121c038a98f8a7d485648a27fcd48891ba8,0,0,call,0x,39.14449746,None
3959652,1498944730,0x3b49d1fb660c1c9a3d7b56b3c3a2f0f1503f5d6818b4691dc1a3bc3d76b161c1,0xfbb1b73c4f0bda4f67dca266ce6ef42f520fbb98,0x7071f121c038a98f8a7d485648a27fcd48891ba8,0,0,call,0x,24.61490606000001,None
3960132,1498953107,0xfd38470a66991f9df553364c91ab7c897bf27faa22f243c0880b4029ef448e9e,0xfbb1b73c4f0bda4f67dca266ce6ef42f520fbb98,0x7071f121c038a98f8a7d485648a27fcd48891ba8,0,0,call,0x,25.63571065,None
3961770,1498981943,0x428eef59c515a1f5096f1b0696a81e35d13f1e272545639bdb4d28304f7d4348,0xfbb1b73c4f0bda4f67dca266ce6ef42f520fbb98,0x7071f121c038a98f8a7d485648a27fcd48891ba8,0,0,call,0x,26.83948916,None
3961947,1498984830,0x4ce22d3b4479763cb32b450b207e55e1f606f87525989c73112564e3cd5881db,0xfbb1b73c4f0bda4f67dca266ce6ef42f520fbb98,0x7071f121c038a98f8a7d485648a27fcd48891ba8,0,0,call,0x,30.97355955,None
3962568,1498995135,0xe940a40876973c9253b745b0de314376de0ec5dfc054c27955e3640d35ca5d6a,0xfbb1b73c4f0bda4f67dca266ce6ef42f520fbb98,0x7071f121c038a98f8a7d485648a27fcd48891ba8,0,0,call,0x,24.43206512,None
3962741,1498998100,0x8fa29d5b1fd0b1458b92e810350da29a2797cf79741d8dfc53cb30164af5256e,0xfbb1b73c4f0bda4f67dca266ce6ef42f520fbb98,0x7071f121c038a98f8a7d485648a27fcd48891ba8,0,0,call,0x,39.54040743,None
3963251,1499005895,0x69ef7b5afa80b98a007c2ab844f964312cc1055403e6c21a7895c7e044a92c6b,0xfbb1b73c4f0bda4f67dca266ce6ef42f520fbb98,0x7071f121c038a98f8a7d485648a27fcd48891ba8,0,0,call,0x,53.36822814,None
3963546,1499010734,0x6a7a8b9d793804ff1092ec698dee5a0b47d2697fc649beef965220f79f9ce5ba,0xfbb1b73c4f0bda4f67dca266ce6ef42f520fbb98,0x7071f121c038a98f8a7d485648a27fcd48891ba8,0,0,call,0x,28.70968202,None
3963652,1499012428,0x55423ac0d7b93dda48bcd5a1f6f339181e7cc9055893e358f336310b1b80a8bd,0xfbb1b73c4f0bda4f67dca266ce6ef42f520fbb98,0x7071f121c038a98f8a7d485648a27fcd48891ba8,0,0,call,0x,39.91262925,None
3963836,1499016048,0xb53b9be0a36fe0fa3aefafbcafad505aae7b4d840c06e39f0b88d0e42e72cdb2,0xfbb1b73c4f0bda4f67dca266ce6ef42f520fbb98,0x7071f121c038a98f8a7d485648a27fcd48891ba8,0,0,call,0x,33.68908427,None
3964069,1499020302,0xacb9f5c87ffdf98a41747cf08f175db2f082565a9dd25b1a8e0209582c30f2c2,0xfbb1b73c4f0bda4f67dca266ce6ef42f520fbb98,0x7071f121c038a98f8a7d485648a27fcd48891ba8,0,0,call,0x,31.59057891,None
3964183,1499022115,0xab38795c6faa3b2ae922a4b8db2fb27278bfdb0930d5a3bf0f6de8002a5e5775,0xfbb1b73c4f0bda4f67dca266ce6ef42f520fbb98,0x7071f121c038a98f8a7d485648a27fcd48891ba8,0,0,call,0x,43.52596058,None
3964648,1499030442,0xae81db4109ec38264f49ad4e359c9268e936cfa684e4125a2a3468e5c24af5f4,0xfbb1b73c4f0bda4f67dca266ce6ef42f520fbb98,0x7071f121c038a98f8a7d485648a27fcd48891ba8,0,0,call,0x,23.47092359,None
3967085,1499071921,0x761f4c60e261d1eb9e77092e8415068e9f24dfd02e5bf47e8d0027c55193c1aa,0xfbb1b73c4f0bda4f67dca266ce6ef42f520fbb98,0x7071f121c038a98f8a7d485648a27fcd48891ba8,0,0,call,0x,24.76362593,None
3967294,1499075539,0x6e08a5a2036cf4fe1407ea578959c073d1c0fd84d7a9945adb83991387427e1c,0xfbb1b73c4f0bda4f67dca266ce6ef42f520fbb98,0x7071f121c038a98f8a7d485648a27fcd48891ba8,0,0,call,0x,23.89537209,None
3967554,1499079843,0xc41060d102debb6777363973d5e8989ec331a9ca120e6ef16e1ee47cc8cc90d6,0xfbb1b73c4f0bda4f67dca266ce6ef42f520fbb98,0x7071f121c038a98f8a7d485648a27fcd48891ba8,0,0,call,0x,37.31554302,None
3967756,1499083271,0x35af42e75a26b7a350e813a3b80148752a1e9d331fd894d619339e3b1bdac419,0xfbb1b73c4f0bda4f67dca266ce6ef42f520fbb98,0x7071f121c038a98f8a7d485648a27fcd48891ba8,0,0,call,0x,24.26491675,None
3968289,1499092279,0x23bff77292cd33009ba4bc2bfb6f82704b4ba6a9edf5c0451cdac081b5a7bdf3,0xfbb1b73c4f0bda4f67dca266ce6ef42f520fbb98,0x7071f121c038a98f8a7d485648a27fcd48891ba8,0,0,call,0x,24.03533192,None
3968575,1499097716,0x4e31cfc234a33b817c1bb050959ae45ead1a00cadd3fdbccfd023318a618a62f,0xfbb1b73c4f0bda4f67dca266ce6ef42f520fbb98,0x7071f121c038a98f8a7d485648a27fcd48891ba8,0,0,call,0x,25.26005421,None
3969066,1499106105,0x6dbdff2b5af73f7e513b122be071140d15c4067b78f7408cef16c5d10aae89c6,0xfbb1b73c4f0bda4f67dca266ce6ef42f520fbb98,0x7071f121c038a98f8a7d485648a27fcd48891ba8,0,0,call,0x,31.71286769,None
3969791,1499118664,0x52ef4ea0cb05ee88e1d6fe289ee476fc46c710e8f57abde9cb99d0a0a2cf0991,0xfbb1b73c4f0bda4f67dca266ce6ef42f520fbb98,0x7071f121c038a98f8a7d485648a27fcd48891ba8,0,0,call,0x,28.45071923,None
3971601,1499149341,0x9be08a1bf65e65da355a9a69d0f86bfbf4f9634e6e6405c9cb2f16add03473d6,0xfbb1b73c4f0bda4f67dca266ce6ef42f520fbb98,0x7071f121c038a98f8a7d485648a27fcd48891ba8,0,0,call,0x,29.14012643,None
3972068,1499157093,0xfa0787811ac1225cf4ddf0262ffdeee5b655663fee21321c11c78c7cda3e5193,0xfbb1b73c4f0bda4f67dca266ce6ef42f520fbb98,0x7071f121c038a98f8a7d485648a27fcd48891ba8,0,0,call,0x,28.39006686,None
3972306,1499161217,0xa5242a0164ee3f610b460b5697a2c7fab0f060256eb4340d3b857ee98a16a970,0xfbb1b73c4f0bda4f67dca266ce6ef42f520fbb98,0x7071f121c038a98f8a7d485648a27fcd48891ba8,0,0,call,0x,38.44617841,None
3972774,1499169673,0x3c95496cdb745360cb415b64d6e26a0e54b300cce250a9f4ae85e150d90baeef,0xfbb1b73c4f0bda4f67dca266ce6ef42f520fbb98,0x7071f121c038a98f8a7d485648a27fcd48891ba8,0,0,call,0x,29.51945112,None
3972969,1499173265,0x470d6236a78b0e1be5801f319a6199e3e174f0b4649f475e69cf599a1800ceb7,0xfbb1b73c4f0bda4f67dca266ce6ef42f520fbb98,0x7071f121c038a98f8a7d485648a27fcd48891ba8,0,0,call,0x,24.22325088,None
3973407,1499180456,0x5ed2208be4ac887f2654292ce491459fb24052de62b3867f3a26afbe4c2392d8,0xfbb1b73c4f0bda4f67dca266ce6ef42f520fbb98,0x7071f121c038a98f8a7d485648a27fcd48891ba8,0,0,call,0x,25.47281065,None
3974260,1499194293,0xd5e6f1ac017780de1c16d3f263ca959f5b1fb8d921634ba95d62b51e84c89ebc,0xfbb1b73c4f0bda4f67dca266ce6ef42f520fbb98,0x7071f121c038a98f8a7d485648a27fcd48891ba8,0,0,call,0x,36.49836871,None
3974691,1499201426,0xd40820c7c9d8068b5feaece9a51e3bc2874fb5b4545525fdbcabb14fe3ef75ec,0xfbb1b73c4f0bda4f67dca266ce6ef42f520fbb98,0x7071f121c038a98f8a7d485648a27fcd48891ba8,0,0,call,0x,24.76614932,None
3974939,1499205720,0xaacd6cd1c4fcd9e2ea25e90d05d346af09ecdca1b11d3ea125f7937aab5948f6,0xfbb1b73c4f0bda4f67dca266ce6ef42f520fbb98,0x7071f121c038a98f8a7d485648a27fcd48891ba8,0,0,call,0x,27.51144057,None
3976711,1499237500,0x1a3240a6a1127d63e2a8ec97dc4663cf87a7cf3c83f899ce3e227a174c948727,0xfbb1b73c4f0bda4f67dca266ce6ef42f520fbb98,0x7071f121c038a98f8a7d485648a27fcd48891ba8,0,0,call,0x,29.1801061,None
3977383,1499248916,0x4f6cc63d3c65a5e6c7fb1a863ac50ad660547044c51aded675d5b92b358f263e,0xfbb1b73c4f0bda4f67dca266ce6ef42f520fbb98,0x7071f121c038a98f8a7d485648a27fcd48891ba8,0,0,call,0x,28.48719626,None
3977446,1499250156,0xa3ed6505377437e0584a452445ceef6b3cdf785bd6172a85eed06b3e6ff08c91,0xfbb1b73c4f0bda4f67dca266ce6ef42f520fbb98,0x7071f121c038a98f8a7d485648a27fcd48891ba8,0,0,call,0x,43.01064557,None
3978455,1499266900,0xee3fe7ab8758b10bcc5c7960fe92fc961c42f371858dbdbe070e0171b231bafe,0xfbb1b73c4f0bda4f67dca266ce6ef42f520fbb98,0x7071f121c038a98f8a7d485648a27fcd48891ba8,0,0,call,0x,30.73875828,None
3979076,1499277079,0xeb4f0a82b955c3d6fd75dee686c5c91b8ee44e0fb33f0e2f3c589ad755d197ad,0xfbb1b73c4f0bda4f67dca266ce6ef42f520fbb98,0x7071f121c038a98f8a7d485648a27fcd48891ba8,0,0,call,0x,28.8712646,None
3979256,1499280104,0x129513e36bbc3e14f5fdccfb134c70a9ae7efe551fb065ed355ae4271153ffe1,0xfbb1b73c4f0bda4f67dca266ce6ef42f520fbb98,0x7071f121c038a98f8a7d485648a27fcd48891ba8,0,0,call,0x,24.34729058,None
3979892,1499291465,0x85f56be5daeccb8820f3be8244d0bd67213f9054284b117d38c6cf34e8062889,0xfbb1b73c4f0bda4f67dca266ce6ef42f520fbb98,0x7071f121c038a98f8a7d485648a27fcd48891ba8,0,0,call,0x,24.52388623,None
3981172,1499313654,0x64b5240153bde28543c343d904ec058db42c6a97b6567e9debca3244255edd1d,0xfbb1b73c4f0bda4f67dca266ce6ef42f520fbb98,0x7071f121c038a98f8a7d485648a27fcd48891ba8,0,0,call,0x,24.69685244,None
3981884,1499325740,0x6a8ebfa53de399f03a306edc8ca1b92291c65a0ef9302691e8f32a5ca8732d7c,0xfbb1b73c4f0bda4f67dca266ce6ef42f520fbb98,0x7071f121c038a98f8a7d485648a27fcd48891ba8,0,0,call,0x,26.79461746,None
3981950,1499326820,0x0602dbe6e54dffce4eed1e0149a995389eb78f1bb371ee5dee10705dfed508da,0xfbb1b73c4f0bda4f67dca266ce6ef42f520fbb98,0x7071f121c038a98f8a7d485648a27fcd48891ba8,0,0,call,0x,25.65142555000001,None
3982121,1499329903,0x3478285ae526d55304e1c44199a85f04b7d4c48c4aedb5f967b1fde0ff5ce497,0xfbb1b73c4f0bda4f67dca266ce6ef42f520fbb98,0x7071f121c038a98f8a7d485648a27fcd48891ba8,0,0,call,0x,26.59383408,None
3982569,1499337678,0x550b340eb17903ab788953e2d474f924af962eee95abc13c632cc04e730e834b,0xfbb1b73c4f0bda4f67dca266ce6ef42f520fbb98,0x7071f121c038a98f8a7d485648a27fcd48891ba8,0,0,call,0x,23.41712157,None
3983004,1499344241,0xf7cb1f45a9d8987aefa4915f9a47b5973bc4725316e012698fdcb1ba8cf16a9c,0xfbb1b73c4f0bda4f67dca266ce6ef42f520fbb98,0x7071f121c038a98f8a7d485648a27fcd48891ba8,0,0,call,0x,23.15907749,None
3983226,1499347970,0x206e8512ca7a568b735d99d9e2274a3af697f2d25ea1b4873385f86282a64cc0,0xfbb1b73c4f0bda4f67dca266ce6ef42f520fbb98,0x7071f121c038a98f8a7d485648a27fcd48891ba8,0,0,call,0x,27.50688679,None
3988174,1499433761,0x503ec79f0d9004761cafa79bb3d1b45d37b5a95b2ade86a57ac4671bf85e679a,0xfbb1b73c4f0bda4f67dca266ce6ef42f520fbb98,0x7071f121c038a98f8a7d485648a27fcd48891ba8,0,0,call,0x,24.99574318,None
3988211,1499434309,0x236d9ba08d93bfc8c3c6daea5cd3bbcf5891a72692a219622adfe6f84920d8aa,0xfbb1b73c4f0bda4f67dca266ce6ef42f520fbb98,0x7071f121c038a98f8a7d485648a27fcd48891ba8,0,0,call,0x,30.46674983,None
3988360,1499436713,0x3117de0d324d74e439b02ebd93cb299c1e6240b7e37a3872b91a6eff797e4ead,0xfbb1b73c4f0bda4f67dca266ce6ef42f520fbb98,0x7071f121c038a98f8a7d485648a27fcd48891ba8,0,0,call,0x,23.90488136,None
3988457,1499438588,0xbdae9df9863e2085f0fe32cf354199bc8d3d99f796e6deb36bf161274e9b850c,0xfbb1b73c4f0bda4f67dca266ce6ef42f520fbb98,0x7071f121c038a98f8a7d485648a27fcd48891ba8,0,0,call,0x,25.62244925,None
3988637,1499441524,0x333d1ae3f8a6ab4c5239e0b0cded4a56759cff0646e4ea6b730fe2b8b37714ff,0xfbb1b73c4f0bda4f67dca266ce6ef42f520fbb98,0x7071f121c038a98f8a7d485648a27fcd48891ba8,0,0,call,0x,27.92780304,None
3988943,1499446263,0xa5f81fcfc3f86683f716c740bfbdcb0ec270044c8ce096164e4df7f5d6ca99ed,0xfbb1b73c4f0bda4f67dca266ce6ef42f520fbb98,0x7071f121c038a98f8a7d485648a27fcd48891ba8,0,0,call,0x,29.64102795,None
3989115,1499449308,0x8b3bdce31b0f9450ccbc6d66e49c2736689c24bb3122e513230ff25546eb2ade,0xfbb1b73c4f0bda4f67dca266ce6ef42f520fbb98,0x7071f121c038a98f8a7d485648a27fcd48891ba8,0,0,call,0x,28.83359034,None
3989400,1499454091,0x1ad7210f6409eec9d54af3a66f9317790bcbab233e153622d2517ed02734d332,0xfbb1b73c4f0bda4f67dca266ce6ef42f520fbb98,0x7071f121c038a98f8a7d485648a27fcd48891ba8,0,0,call,0x,32.13054639,None
3990060,1499464937,0x0c518f9b1ae91fa4d28adf8baabfd14219cc6b0327dde89e3b4fafad74161bd4,0xfbb1b73c4f0bda4f67dca266ce6ef42f520fbb98,0x7071f121c038a98f8a7d485648a27fcd48891ba8,0,0,call,0x,26.47915684,None
3991914,1499497240,0xcfe06eb5346963fc076a8aaeaca353f7fe62fb5a8bad4b64b7afc14868b607ec,0xfbb1b73c4f0bda4f67dca266ce6ef42f520fbb98,0x7071f121c038a98f8a7d485648a27fcd48891ba8,0,0,call,0x,29.48451727,None
3992139,1499500922,0x9a9054221c967a2bcccddc4825f23229e5b0efce80eb3c666ca190a3b2668a5b,0xfbb1b73c4f0bda4f67dca266ce6ef42f520fbb98,0x7071f121c038a98f8a7d485648a27fcd48891ba8,0,0,call,0x,45.86461831,None
3992632,1499509249,0x8a5741aadd6afb5cfd341e0ad23ce82c71d28d4cc56789224446ec13f6b0ccee,0xfbb1b73c4f0bda4f67dca266ce6ef42f520fbb98,0x7071f121c038a98f8a7d485648a27fcd48891ba8,0,0,call,0x,34.81706673,None
3992901,1499513499,0xed81b6e2e6823c6ecdd7013191e01d530d3e1e27f9fec15f6d2bd36b2be962eb,0xfbb1b73c4f0bda4f67dca266ce6ef42f520fbb98,0x7071f121c038a98f8a7d485648a27fcd48891ba8,0,0,call,0x,24.85651739,None
3993053,1499515896,0xf58e894ab527308109327176c10f5aee3c8a446ff2d85512ced043aa2b64da87,0xfbb1b73c4f0bda4f67dca266ce6ef42f520fbb98,0x7071f121c038a98f8a7d485648a27fcd48891ba8,0,0,call,0x,31.66714633,None
3993364,1499521237,0x3991561a7c52ba0cbc16414466282babb177b822f8e10ff968ed1a05595fbc18,0xfbb1b73c4f0bda4f67dca266ce6ef42f520fbb98,0x7071f121c038a98f8a7d485648a27fcd48891ba8,0,0,call,0x,35.82858718,None
3993522,1499524259,0x31606e78b83d2fd51f48cff747e653afbb57fdceb30eed35575f71d21df73ddb,0xfbb1b73c4f0bda4f67dca266ce6ef42f520fbb98,0x7071f121c038a98f8a7d485648a27fcd48891ba8,0,0,call,0x,26.68247797,None
3993985,1499532064,0x97860df2647b82489408911c50ab8c4c1b348c19194f186fad6a39a2b149adf6,0xfbb1b73c4f0bda4f67dca266ce6ef42f520fbb98,0x7071f121c038a98f8a7d485648a27fcd48891ba8,0,0,call,0x,28.32505947,None
3994468,1499539949,0x6c975ccc725adf493f2b55f040cf99ce6ec91049a7405778e447a3a4f7d5615c,0xfbb1b73c4f0bda4f67dca266ce6ef42f520fbb98,0x7071f121c038a98f8a7d485648a27fcd48891ba8,0,0,call,0x,26.43549197,None
3994865,1499546468,0x4a1091d42fa71120923f5359e5a8a9e5ac15c67cf0206df24fb6f2fa4279a812,0xfbb1b73c4f0bda4f67dca266ce6ef42f520fbb98,0x7071f121c038a98f8a7d485648a27fcd48891ba8,0,0,call,0x,25.10675955,None
3995063,1499550145,0x31e61b870a362525239b6f6448520ef1a90add1d34b34f8df8f7bbe6d5a72eb4,0xfbb1b73c4f0bda4f67dca266ce6ef42f520fbb98,0x7071f121c038a98f8a7d485648a27fcd48891ba8,0,0,call,0x,28.97414236,None
3996856,1499581365,0x5462609930057928c34a7ba0b39fb0a2c56241360eb53c6fc0d9d84b03885c07,0xfbb1b73c4f0bda4f67dca266ce6ef42f520fbb98,0x7071f121c038a98f8a7d485648a27fcd48891ba8,0,0,call,0x,23.62332102,None
3997334,1499589126,0x068f1dde0ce937285d5cf6ecc9c6154311cbd73426359390c25f0c43815d6a40,0xfbb1b73c4f0bda4f67dca266ce6ef42f520fbb98,0x7071f121c038a98f8a7d485648a27fcd48891ba8,0,0,call,0x,25.65628002,None
3997861,1499598084,0xfbcf88eaf8b258eb580b0ba37ce9588586547d9660a98846067480e97980834d,0xfbb1b73c4f0bda4f67dca266ce6ef42f520fbb98,0x7071f121c038a98f8a7d485648a27fcd48891ba8,0,0,call,0x,24.158314460000003,None
3998170,1499603410,0xa00f49978ac72a1dd53a1dc4b010d9562fce04562b36a83fc0d4191452a61ecb,0xfbb1b73c4f0bda4f67dca266ce6ef42f520fbb98,0x7071f121c038a98f8a7d485648a27fcd48891ba8,0,0,call,0x,27.45904532,None
3998473,1499608881,0x9d3b235549fd62534ddf3f5d9b364c6ce35839a2bc1394d7933f21aca9da3db1,0xfbb1b73c4f0bda4f67dca266ce6ef42f520fbb98,0x7071f121c038a98f8a7d485648a27fcd48891ba8,0,0,call,0x,23.89396463,None
3998886,1499615444,0x9c5fef6440f8171b3e2ef8df62263e4e5a026f339375aeb8464d9cf6ff361013,0xfbb1b73c4f0bda4f67dca266ce6ef42f520fbb98,0x7071f121c038a98f8a7d485648a27fcd48891ba8,0,0,call,0x,34.15015485,None
3999369,1499623327,0x565c32af04d01c17c4454b05beec58da67a34281d7d41da296aa0a05d5dd7e6f,0xfbb1b73c4f0bda4f67dca266ce6ef42f520fbb98,0x7071f121c038a98f8a7d485648a27fcd48891ba8,0,0,call,0x,31.20092263,None
3999792,1499629876,0x35f375835b8c3180b1a27c68b20fb5f8e8b91c0179c6b45d8990652d1da8e42e,0xfbb1b73c4f0bda4f67dca266ce6ef42f520fbb98,0x7071f121c038a98f8a7d485648a27fcd48891ba8,0,0,call,0x,53.36857547,None
4000035,1499634111,0xdebb0c99172a22e2199dc1c142b5e813f50c5d2503394c0699e0f6112eb5ab64,0xfbb1b73c4f0bda4f67dca266ce6ef42f520fbb98,0x7071f121c038a98f8a7d485648a27fcd48891ba8,0,0,call,0x,35.68418661,None
4000801,1499647916,0xe97608f439bf269591f6143b72f0d444f933136225397fdce91c6a688327d546,0xfbb1b73c4f0bda4f67dca266ce6ef42f520fbb98,0x7071f121c038a98f8a7d485648a27fcd48891ba8,0,0,call,0x,27.23055825,None
4001866,1499667697,0x43de290b4f2ed534eaae9a7efc894b93fb5515c1b8a9e8183b406ce4ec3b9e17,0xfbb1b73c4f0bda4f67dca266ce6ef42f520fbb98,0x7071f121c038a98f8a7d485648a27fcd48891ba8,0,0,call,0x,27.79337012,None
4001973,1499670045,0xe6bd794c14b7e16217e1270c8e0673b0dd11456b308fa054ee3b2e76f5240b22,0xfbb1b73c4f0bda4f67dca266ce6ef42f520fbb98,0x7071f121c038a98f8a7d485648a27fcd48891ba8,0,0,call,0x,26.85293691,None
4002088,1499672554,0x2c5fb4fbcbc7bfb9884835b88c5368dc25c32e894c7a5fe07ad884ea01d2a53d,0xfbb1b73c4f0bda4f67dca266ce6ef42f520fbb98,0x7071f121c038a98f8a7d485648a27fcd48891ba8,0,0,call,0x,31.331845500000004,None
4002425,1499678557,0x174634e1bb372da92dd8679f3e03efd0b50407c930e2e3e2dec4d5c851f06de8,0xfbb1b73c4f0bda4f67dca266ce6ef42f520fbb98,0x7071f121c038a98f8a7d485648a27fcd48891ba8,0,0,call,0x,38.0845959,None
4002510,1499680267,0x1e7d34bdefd1b69620cdc07006dac0805dce030b2d04ebe0ece274b1efe52f08,0xfbb1b73c4f0bda4f67dca266ce6ef42f520fbb98,0x7071f121c038a98f8a7d485648a27fcd48891ba8,0,0,call,0x,24.02047676,None
4003121,1499691754,0x1f7e6ba733637dda86f0f81b3159475a68ed8bc4f2e4ccfa1000afdaa6abb0c3,0xfbb1b73c4f0bda4f67dca266ce6ef42f520fbb98,0x7071f121c038a98f8a7d485648a27fcd48891ba8,0,0,call,0x,32.45475236,None
4003204,1499693465,0x2f75aae98f68347e8a0a8ff5614fd3a0eb85a09a06f6e1e853b53067df29b092,0xfbb1b73c4f0bda4f67dca266ce6ef42f520fbb98,0x7071f121c038a98f8a7d485648a27fcd48891ba8,0,0,call,0x,31.68621754,None
4003233,1499694129,0x68baa114d5ec1ce5b8e55f08fc2db59ee410a27f57fb6065acb94439255032ee,0xfbb1b73c4f0bda4f67dca266ce6ef42f520fbb98,0x7071f121c038a98f8a7d485648a27fcd48891ba8,0,0,call,0x,24.71922126,None
4003296,1499695347,0x07784a16b44c32a4275ae4d0efbcc5dbeda138a9fe4292fbbb578171d63386a7,0xfbb1b73c4f0bda4f67dca266ce6ef42f520fbb98,0x7071f121c038a98f8a7d485648a27fcd48891ba8,0,0,call,0x,26.55798643,None
4003388,1499697136,0xd32dea43f6d1b9113ae2d8c457b0af41d7db89efd3b30a23990804c56e7d2fc0,0xfbb1b73c4f0bda4f67dca266ce6ef42f520fbb98,0x7071f121c038a98f8a7d485648a27fcd48891ba8,0,0,call,0x,27.34489301,None
4003655,1499701323,0x59cfd04f9b3830a8acc5d09c1745cc42db3604c77b12d232e6fe3b65481c72d4,0xfbb1b73c4f0bda4f67dca266ce6ef42f520fbb98,0x7071f121c038a98f8a7d485648a27fcd48891ba8,0,0,call,0x,25.93474963,None
4003801,1499704256,0xf8e682c9c2fbb55c77e982be7f6697fa80946627cfe0f23fd693649d68e3cc14,0xfbb1b73c4f0bda4f67dca266ce6ef42f520fbb98,0x7071f121c038a98f8a7d485648a27fcd48891ba8,0,0,call,0x,44.47953094,None
4003946,1499707294,0x0edce8c9646edababa0cd1f033f88a3f76e6df24f556d7f4ca6fe7cdc3612775,0xfbb1b73c4f0bda4f67dca266ce6ef42f520fbb98,0x7071f121c038a98f8a7d485648a27fcd48891ba8,0,0,call,0x,38.59196547,None
4004076,1499709721,0x6dd98ae93264fb35acd376ba3d7b4c04defa862771793101fbda151ed7ba229d,0xfbb1b73c4f0bda4f67dca266ce6ef42f520fbb98,0x7071f121c038a98f8a7d485648a27fcd48891ba8,0,0,call,0x,36.82414956,None
4004450,1499716923,0x5be28fa21a2afdab757004468f739334b5460c276b8689d6cb208079c0ef673e,0xfbb1b73c4f0bda4f67dca266ce6ef42f520fbb98,0x7071f121c038a98f8a7d485648a27fcd48891ba8,0,0,call,0x,62.89603411,None
4004648,1499720474,0xd100bc61a258d05dd3313a7ba2453622d9372ae17e5c22546d67e501a52db539,0xfbb1b73c4f0bda4f67dca266ce6ef42f520fbb98,0x7071f121c038a98f8a7d485648a27fcd48891ba8,0,0,call,0x,46.86225455,None
4004804,1499723509,0x8a6a2941226d776136c27ac05c63916ddf7fc22c98ff17e3d3e8d2ceac099889,0xfbb1b73c4f0bda4f67dca266ce6ef42f520fbb98,0x7071f121c038a98f8a7d485648a27fcd48891ba8,0,0,call,0x,50.80982315,None
4004942,1499725866,0x49e0b232064755672ec3aebaf1f85d5adf3e2c09bafc13d19f1fc7eff0044dec,0xfbb1b73c4f0bda4f67dca266ce6ef42f520fbb98,0x7071f121c038a98f8a7d485648a27fcd48891ba8,0,0,call,0x,23.73746434,None
4005002,1499727064,0xa3a28bf27295d63a1f3d2dc80a9a0de57337cafae25be919a748870049c91101,0xfbb1b73c4f0bda4f67dca266ce6ef42f520fbb98,0x7071f121c038a98f8a7d485648a27fcd48891ba8,0,0,call,0x,23.69220613,None
4005584,1499738444,0x4c23764559ba50f70ce0e8a84e677c52b6ac86f07033e954e42fe7fbdad83902,0xfbb1b73c4f0bda4f67dca266ce6ef42f520fbb98,0x7071f121c038a98f8a7d485648a27fcd48891ba8,0,0,call,0x,23.30301559,None
4006078,1499748030,0x57ca4fa1434fd451ef7944e23bd0a119c6ae5b15fd80e275a7f22f5879f9ac6d,0xfbb1b73c4f0bda4f67dca266ce6ef42f520fbb98,0x7071f121c038a98f8a7d485648a27fcd48891ba8,0,0,call,0x,37.4482107,None
4006153,1499749263,0x070f43098cdd8147ad17122b58fac341e7b0cdaa29693b7facc8535a712df585,0xfbb1b73c4f0bda4f67dca266ce6ef42f520fbb98,0x7071f121c038a98f8a7d485648a27fcd48891ba8,0,0,call,0x,34.91247915,None
4006263,1499751724,0x10ad6edfc16b2523df4a628250f59cf4f893eb78e8124c4f3e2d476e314f0858,0xfbb1b73c4f0bda4f67dca266ce6ef42f520fbb98,0x7071f121c038a98f8a7d485648a27fcd48891ba8,0,0,call,0x,29.59718726,None
4006304,1499752210,0x5e67409543c783ed9ae51e9e2698da878d6f4f2f691a8e1e94d32de48edb1c7d,0xfbb1b73c4f0bda4f67dca266ce6ef42f520fbb98,0x7071f121c038a98f8a7d485648a27fcd48891ba8,0,0,call,0x,33.49386784,None
4006432,1499754682,0xeac57a85741daf9f83979b2a158e8024add066a10b354fc36fcdf7760d87b5e2,0xfbb1b73c4f0bda4f67dca266ce6ef42f520fbb98,0x7071f121c038a98f8a7d485648a27fcd48891ba8,0,0,call,0x,24.63459036,None
4006629,1499758416,0x6b40f68d11c847f6012926af26595a4f7ef8ca6f254d6789907910e3932914e2,0xfbb1b73c4f0bda4f67dca266ce6ef42f520fbb98,0x7071f121c038a98f8a7d485648a27fcd48891ba8,0,0,call,0x,48.25383977,None
4006725,1499760081,0x489219863fdf4a3f5d0a2417fe96a58e14697c70b3b6ddbdb1c067baa5e5c012,0xfbb1b73c4f0bda4f67dca266ce6ef42f520fbb98,0x7071f121c038a98f8a7d485648a27fcd48891ba8,0,0,call,0x,28.07736524,None
4006863,1499763104,0x94cb73ca09b872558a71c3d95425e961c61d6023cf74ababd36770d830e73d27,0xfbb1b73c4f0bda4f67dca266ce6ef42f520fbb98,0x7071f121c038a98f8a7d485648a27fcd48891ba8,0,0,call,0x,43.48736392,None
4006893,1499763754,0x5bc07c8e0a3d6b87182dbda9414f6cd66d9e0c6ca7e2663baf839fa27c0b15b9,0xfbb1b73c4f0bda4f67dca266ce6ef42f520fbb98,0x7071f121c038a98f8a7d485648a27fcd48891ba8,0,0,call,0x,47.06231535,None
4007437,1499773926,0x419a094499665f6303f97a1d54a8ddc6ac60eb2a7251c9796366bd09b46263a5,0xfbb1b73c4f0bda4f67dca266ce6ef42f520fbb98,0x7071f121c038a98f8a7d485648a27fcd48891ba8,0,0,call,0x,397.275336,None
4007496,1499775118,0x4b37837b300376a8c17eb6d03d303024215a8fbb1d6be0145e522aa35d08f2e1,0xfbb1b73c4f0bda4f67dca266ce6ef42f520fbb98,0x7071f121c038a98f8a7d485648a27fcd48891ba8,0,0,call,0x,38.63768072,None
4007532,1499775754,0x0cac8752680d26cc9dd8e8ed13477c3db9861c01557de712753ad6021505b8e0,0xfbb1b73c4f0bda4f67dca266ce6ef42f520fbb98,0x7071f121c038a98f8a7d485648a27fcd48891ba8,0,0,call,0x,32.71984244,None
4007559,1499776256,0x9c40c6dfc92c149659aba21665e0a4174600677c22a32bfecfa4edf14b495f32,0xfbb1b73c4f0bda4f67dca266ce6ef42f520fbb98,0x7071f121c038a98f8a7d485648a27fcd48891ba8,0,0,call,0x,30.56344473,None
4007596,1499776902,0x13a027284508e20b28bd72963e604ddda6ef011163fe8de09786840b78829c9b,0xfbb1b73c4f0bda4f67dca266ce6ef42f520fbb98,0x7071f121c038a98f8a7d485648a27fcd48891ba8,0,0,call,0x,27.41182651,None
4007652,1499778161,0x03408c77449c9986a90629357d4597f6addd7923747b082d912b59c872b2881f,0xfbb1b73c4f0bda4f67dca266ce6ef42f520fbb98,0x7071f121c038a98f8a7d485648a27fcd48891ba8,0,0,call,0x,46.17767536,None
4007712,1499779236,0x8d8a307196920c88fcb66e32b7afe7edc84a7458fc06ef1f1e76e747b722678d,0xfbb1b73c4f0bda4f67dca266ce6ef42f520fbb98,0x7071f121c038a98f8a7d485648a27fcd48891ba8,0,0,call,0x,42.97284916,None
4007782,1499780583,0x864a1fb45b2310061e46abf6230140a00449e1bc17e743c2e5fa7deaab09d5f2,0xfbb1b73c4f0bda4f67dca266ce6ef42f520fbb98,0x7071f121c038a98f8a7d485648a27fcd48891ba8,0,0,call,0x,118.92803905,None
4007831,1499781790,0x0f9b65395642454e494a11ac934a7fbfe0720ce50f1d79e8b69b1f4c7d0d4b71,0xfbb1b73c4f0bda4f67dca266ce6ef42f520fbb98,0x7071f121c038a98f8a7d485648a27fcd48891ba8,0,0,call,0x,37.61024452,None
4007897,1499782929,0xf50ff8521af5b1397e0c388793d59a775a05e04beafb33445be81e63127c43a0,0xfbb1b73c4f0bda4f67dca266ce6ef42f520fbb98,0x7071f121c038a98f8a7d485648a27fcd48891ba8,0,0,call,0x,23.76547735,None
4008034,1499785309,0xe38e68546602cfa45bf84f2ba9ba5f07bb00d8f1c4b09dd826b65ea66d45dbc2,0xfbb1b73c4f0bda4f67dca266ce6ef42f520fbb98,0x7071f121c038a98f8a7d485648a27fcd48891ba8,0,0,call,0x,24.108286300000003,None
4008164,1499787669,0xa41a7149103a4465a461aa5d83d3ee9ed43834267e59c113d979416456ea6659,0xfbb1b73c4f0bda4f67dca266ce6ef42f520fbb98,0x7071f121c038a98f8a7d485648a27fcd48891ba8,0,0,call,0x,23.36137897,None
4008230,1499788866,0x43f965c43263c4a25b3b0c8fd570d3948c2c9952e791172fd6d0c1db26599a2c,0xfbb1b73c4f0bda4f67dca266ce6ef42f520fbb98,0x7071f121c038a98f8a7d485648a27fcd48891ba8,0,0,call,0x,39.13219977,None
4008394,1499791845,0x9d32241b7b54684bc335d4eb61d7a2b1c16553889eb89172e857c4a3426c793d,0xfbb1b73c4f0bda4f67dca266ce6ef42f520fbb98,0x7071f121c038a98f8a7d485648a27fcd48891ba8,0,0,call,0x,32.861406110000004,None
4008544,1499794870,0x5d9eccd6e60629a8a899bf12276beba9e7811d47b9157d7d4a9c498b235c6114,0xfbb1b73c4f0bda4f67dca266ce6ef42f520fbb98,0x7071f121c038a98f8a7d485648a27fcd48891ba8,0,0,call,0x,48.56513961,None
4008719,1499797916,0x2c3c804b9f41da7ffb4eeaa6aebc02965d708f77d6230f1901ce32763cffe39a,0xfbb1b73c4f0bda4f67dca266ce6ef42f520fbb98,0x7071f121c038a98f8a7d485648a27fcd48891ba8,0,0,call,0x,29.49384486000001,None
4008776,1499799189,0xf353374b887ec8a8847abba6a9fb7ead554215d95fe73b8358f4fa3432ac2719,0xfbb1b73c4f0bda4f67dca266ce6ef42f520fbb98,0x7071f121c038a98f8a7d485648a27fcd48891ba8,0,0,call,0x,25.07898085,None
4009025,1499803883,0x811749cbb2d5959ce9b935867e21157e49424c7f2a83b32dcfeb276bf7612242,0xfbb1b73c4f0bda4f67dca266ce6ef42f520fbb98,0x7071f121c038a98f8a7d485648a27fcd48891ba8,0,0,call,0x,29.52520057,None
4009105,1499805137,0xfe5c3b1c53f3d3bcefe9e739216c843896763db59d59061229228983671dea51,0xfbb1b73c4f0bda4f67dca266ce6ef42f520fbb98,0x7071f121c038a98f8a7d485648a27fcd48891ba8,0,0,call,0x,39.97087051,None
4009183,1499806948,0x9f6ad9ca74b6daf33fbb379cb103a42b62cad7b47f9a7712a6c90a7180a9ecd4,0xfbb1b73c4f0bda4f67dca266ce6ef42f520fbb98,0x7071f121c038a98f8a7d485648a27fcd48891ba8,0,0,call,0x,26.66212538,None
4009359,1499810505,0x44295fc9c12c3485741e107bc46ee4e5434b04a822755b8fab983b2b02177ed2,0xfbb1b73c4f0bda4f67dca266ce6ef42f520fbb98,0x7071f121c038a98f8a7d485648a27fcd48891ba8,0,0,call,0x,45.17805965,None
4009413,1499811728,0x836cb3fb83d45965d2f79f5aeba9dc45aa8b02ab0afe155b4f172d7e9bc1bebc,0xfbb1b73c4f0bda4f67dca266ce6ef42f520fbb98,0x7071f121c038a98f8a7d485648a27fcd48891ba8,0,0,call,0x,63.65736781,None
4009556,1499814141,0x04d2b912439e312ba999d91d9d02f615746174b34c8f41700ae92e13cb038b35,0xfbb1b73c4f0bda4f67dca266ce6ef42f520fbb98,0x7071f121c038a98f8a7d485648a27fcd48891ba8,0,0,call,0x,23.27638613,None
4010811,1499838699,0x29b6f5b7495d519ee89adf727dba7d46095aa0e8a89e169d9c5720fe5f667b44,0xfbb1b73c4f0bda4f67dca266ce6ef42f520fbb98,0x7071f121c038a98f8a7d485648a27fcd48891ba8,0,0,call,0x,25.05994022,None
4010978,1499842335,0xd74c7b304e9bf8f2f47c33cddf896998e999161d1c062d0dbcdd716d424b2164,0xfbb1b73c4f0bda4f67dca266ce6ef42f520fbb98,0x7071f121c038a98f8a7d485648a27fcd48891ba8,0,0,call,0x,57.18524766,None
4011314,1499848420,0xd7639ee3cac6e1ee4e3e7fbc4409e43388ff8a70ae77e19f7799bdbe8c16c486,0xfbb1b73c4f0bda4f67dca266ce6ef42f520fbb98,0x7071f121c038a98f8a7d485648a27fcd48891ba8,0,0,call,0x,50.31952903,None
4011469,1499851369,0x7db10ef51440be583100e458366d5463391703e21c11b24f41b1c502e0d9033b,0xfbb1b73c4f0bda4f67dca266ce6ef42f520fbb98,0x7071f121c038a98f8a7d485648a27fcd48891ba8,0,0,call,0x,58.33055390000001,None
4011578,1499853507,0x0f236969adf601f2923c3a1767e8f8563d795d66c8fa2dae93379d141ed28c74,0xfbb1b73c4f0bda4f67dca266ce6ef42f520fbb98,0x7071f121c038a98f8a7d485648a27fcd48891ba8,0,0,call,0x,40.62644254,None
4011905,1499859882,0xd85d5f871577519dfd55883d2cee46d6f6c31023828c00a920a491c38ebfcfd6,0xfbb1b73c4f0bda4f67dca266ce6ef42f520fbb98,0x7071f121c038a98f8a7d485648a27fcd48891ba8,0,0,call,0x,59.51523626,None
4012103,1499863560,0x66d809b7a57afb13fce85772dea359729a548edde8077d888d6981f8227c71e2,0xfbb1b73c4f0bda4f67dca266ce6ef42f520fbb98,0x7071f121c038a98f8a7d485648a27fcd48891ba8,0,0,call,0x,32.29215082,None
4012205,1499865813,0x80490940adcaf8810e028f8dbc3cd3c730416f9944e50df9b4433ec1c4e15eb8,0xfbb1b73c4f0bda4f67dca266ce6ef42f520fbb98,0x7071f121c038a98f8a7d485648a27fcd48891ba8,0,0,call,0x,27.24019366000001,None
4012329,1499867874,0xe92cfd8626397eec22aceafd1270041195161134875caead1d9744bb27ebf032,0xfbb1b73c4f0bda4f67dca266ce6ef42f520fbb98,0x7071f121c038a98f8a7d485648a27fcd48891ba8,0,0,call,0x,28.03296324,None
4012489,1499871373,0x824394b97cfd2157969f5d03f1ef3f1cea386abf31c628c5586be4d306b30986,0xfbb1b73c4f0bda4f67dca266ce6ef42f520fbb98,0x7071f121c038a98f8a7d485648a27fcd48891ba8,0,0,call,0x,34.02910294,None
4012579,1499872975,0xd2d38cbfd572b03b686419dfb78c3cb75cbabb052b0cadcfdf1c7084fa40daca,0xfbb1b73c4f0bda4f67dca266ce6ef42f520fbb98,0x7071f121c038a98f8a7d485648a27fcd48891ba8,0,0,call,0x,29.12889058,None
4012780,1499876655,0xc2dea119c696cd6670846bb37430cc2fd57784f4aa1c54b674947c84d525975a,0xfbb1b73c4f0bda4f67dca266ce6ef42f520fbb98,0x7071f121c038a98f8a7d485648a27fcd48891ba8,0,0,call,0x,40.23518834,None
4012859,1499878023,0xa9d36c3bb60b635574b373072cb69f1baf2384ae338e1e155944b2af7225b06d,0xfbb1b73c4f0bda4f67dca266ce6ef42f520fbb98,0x7071f121c038a98f8a7d485648a27fcd48891ba8,0,0,call,0x,31.60727044,None
4012937,1499879531,0x16c9fb0b89139ce8cfcd5d21589d0e8d445e67b2c292031738b9cd9f205536d3,0xfbb1b73c4f0bda4f67dca266ce6ef42f520fbb98,0x7071f121c038a98f8a7d485648a27fcd48891ba8,0,0,call,0x,35.82104394,None
4013002,1499880849,0xe6bbaafe7fa61f6343d2531f4b124f3ff06002525576a1c2ea9c889815ca2559,0xfbb1b73c4f0bda4f67dca266ce6ef42f520fbb98,0x7071f121c038a98f8a7d485648a27fcd48891ba8,0,0,call,0x,35.95327876,None
4013106,1499882445,0xc3448de1cd330c33e878b2f6763d6c3082f749eb57aa0e050e38eba3fbf15341,0xfbb1b73c4f0bda4f67dca266ce6ef42f520fbb98,0x7071f121c038a98f8a7d485648a27fcd48891ba8,0,0,call,0x,39.87367046,None
4013223,1499884487,0xbd8d48e69bfa4fc26d8839300214a24a8becdfd5665ae7c8396804b6c5a6e6d0,0xfbb1b73c4f0bda4f67dca266ce6ef42f520fbb98,0x7071f121c038a98f8a7d485648a27fcd48891ba8,0,0,call,0x,47.4071387,None
4013431,1499888068,0xd51d0dfbe473d67a8e98b99899f37768da8bee6e0a2636d437a82b9658f98b80,0xfbb1b73c4f0bda4f67dca266ce6ef42f520fbb98,0x7071f121c038a98f8a7d485648a27fcd48891ba8,0,0,call,0x,30.795525800000004,None
4013506,1499889474,0x65da015677bd454ee6798898d95f513def241e1e78099ca0c71e476371e7dfaa,0xfbb1b73c4f0bda4f67dca266ce6ef42f520fbb98,0x7071f121c038a98f8a7d485648a27fcd48891ba8,0,0,call,0x,35.37559484,None
4013587,1499890989,0xec605082067426a638963ca9a6e5a89b4a639a1cec2a430417118edfd3c67dab,0xfbb1b73c4f0bda4f67dca266ce6ef42f520fbb98,0x7071f121c038a98f8a7d485648a27fcd48891ba8,0,0,call,0x,26.24908457,None
4013732,1499893942,0x5b00efc3ecc3344a82242478a0444ba4c279194407ed2250bb4a9fb612a818be,0xfbb1b73c4f0bda4f67dca266ce6ef42f520fbb98,0x7071f121c038a98f8a7d485648a27fcd48891ba8,0,0,call,0x,24.28554553,None
4013787,1499895255,0x076b6715a31a751609526f20a3c255071e490ea825f8217dcfd1feffdd8bab05,0xfbb1b73c4f0bda4f67dca266ce6ef42f520fbb98,0x7071f121c038a98f8a7d485648a27fcd48891ba8,0,0,call,0x,27.87478971,None
4013927,1499898204,0x7c128c832940fdde86c0b711a3ee0a7ea9b0b7694f0de73503fec87a268121e3,0xfbb1b73c4f0bda4f67dca266ce6ef42f520fbb98,0x7071f121c038a98f8a7d485648a27fcd48891ba8,0,0,call,0x,25.62186535,None
4014982,1499918198,0x66511a588ec59a31a51169a6d53008b1c99ceb668e98dd6a48f0b499bf85c76b,0xfbb1b73c4f0bda4f67dca266ce6ef42f520fbb98,0x7071f121c038a98f8a7d485648a27fcd48891ba8,0,0,call,0x,25.12159205,None
4015236,1499923362,0xd4ead25df7864b15b6d0001ce348059229b2d0d4c44f5b86e053fe24c9f0b061,0xfbb1b73c4f0bda4f67dca266ce6ef42f520fbb98,0x7071f121c038a98f8a7d485648a27fcd48891ba8,0,0,call,0x,23.00754863,None
4015338,1499925322,0x90aa792433b581f52e1836c4d7e055f005d1d484fe44f8fbc0654ddfae8a7f9f,0xfbb1b73c4f0bda4f67dca266ce6ef42f520fbb98,0x7071f121c038a98f8a7d485648a27fcd48891ba8,0,0,call,0x,25.40821427,None
4015653,1499931346,0xcb68a131b7bb1a470bee1817ed0bee2115ee0ed510814f47eb052e68521fbf8d,0xfbb1b73c4f0bda4f67dca266ce6ef42f520fbb98,0x7071f121c038a98f8a7d485648a27fcd48891ba8,0,0,call,0x,24.31548969,None
4015776,1499933487,0x4b7609a7bbaf0b80616746b38a00dabeaf6a57c51893a5701544acbc9ebcf44d,0xfbb1b73c4f0bda4f67dca266ce6ef42f520fbb98,0x7071f121c038a98f8a7d485648a27fcd48891ba8,0,0,call,0x,32.30332664,None
4015987,1499937179,0x4f5078e7d47f64f8c95751717f5f94d5de8f4453271bc56d1dcef213d63a0db6,0xfbb1b73c4f0bda4f67dca266ce6ef42f520fbb98,0x7071f121c038a98f8a7d485648a27fcd48891ba8,0,0,call,0x,27.028325399999996,None
4016255,1499942708,0x50c27aa80a8caad3a09c8301854f6d83d08e8ccea13c93344e473bda37848f77,0xfbb1b73c4f0bda4f67dca266ce6ef42f520fbb98,0x7071f121c038a98f8a7d485648a27fcd48891ba8,0,0,call,0x,24.75780256,None
4016342,1499944290,0x7e53dd4459369d09bfb06ee91297fe95064d40fba5b5584a02fbe2d639e461d0,0xfbb1b73c4f0bda4f67dca266ce6ef42f520fbb98,0x7071f121c038a98f8a7d485648a27fcd48891ba8,0,0,call,0x,54.82420384,None
4016839,1499953562,0xa7e883b01b3b8500b11e4714302d6ac5c86a0d650ccf463e02a365da6b7470ba,0xfbb1b73c4f0bda4f67dca266ce6ef42f520fbb98,0x7071f121c038a98f8a7d485648a27fcd48891ba8,0,0,call,0x,24.32300701,None
4016868,1499954221,0x10ca56cff6217c0bee8aadf4705ade1ad85ec51bc596f80c524c597bdfec3acc,0xfbb1b73c4f0bda4f67dca266ce6ef42f520fbb98,0x7071f121c038a98f8a7d485648a27fcd48891ba8,0,0,call,0x,39.95346827,None
4017183,1499960053,0x28cf1a9ba98782a0ad6a57ce8b584d10c7bf5e24ded816c1e51859695a8a862e,0xfbb1b73c4f0bda4f67dca266ce6ef42f520fbb98,0x7071f121c038a98f8a7d485648a27fcd48891ba8,0,0,call,0x,44.44449028,None
4017513,1499965913,0x645954eed64b240d07d0e3f1d6af7d4bb5efb1f063357ef1de4fe27db75a1e12,0xfbb1b73c4f0bda4f67dca266ce6ef42f520fbb98,0x7071f121c038a98f8a7d485648a27fcd48891ba8,0,0,call,0x,26.38045169,None
4017628,1499968002,0x112fd2384b7d1b6da41eb925d30af9a7b60c81a9552913b5bbfea603f5b57a70,0xfbb1b73c4f0bda4f67dca266ce6ef42f520fbb98,0x7071f121c038a98f8a7d485648a27fcd48891ba8,0,0,call,0x,30.39613515000001,None
4017998,1499975161,0xd4b4fb2c4f28b603d8cbac9654c33eb289c981d1a51ac2f36639bd56b2ec7778,0xfbb1b73c4f0bda4f67dca266ce6ef42f520fbb98,0x7071f121c038a98f8a7d485648a27fcd48891ba8,0,0,call,0x,34.35900162,None
4018094,1499976768,0x5b5dcdd5ed8d928db7069579912b5156ba94151aca83a6227306e7688699993b,0xfbb1b73c4f0bda4f67dca266ce6ef42f520fbb98,0x7071f121c038a98f8a7d485648a27fcd48891ba8,0,0,call,0x,42.18776875,None
4018270,1499980270,0xbd027637f2af6bf804614daffdaf7c2fe88f78327f6e3bed824918eeed5e2815,0xfbb1b73c4f0bda4f67dca266ce6ef42f520fbb98,0x7071f121c038a98f8a7d485648a27fcd48891ba8,0,0,call,0x,32.478590399999995,None
4019313,1500001044,0x8bb95e8a6298f6bc7f30a8eaa5501c04f8e390d7649e99e410fe580e93915240,0xfbb1b73c4f0bda4f67dca266ce6ef42f520fbb98,0x7071f121c038a98f8a7d485648a27fcd48891ba8,0,0,call,0x,28.627043980000003,None
4020113,1500016388,0xebebefb0d41f9c3283b1ed7460f7dcccc8ea12191cced5536b8bd85b43be11aa,0xfbb1b73c4f0bda4f67dca266ce6ef42f520fbb98,0x7071f121c038a98f8a7d485648a27fcd48891ba8,0,0,call,0x,37.74700797000001,None
4020640,1500026147,0xdc91607ff16cef89cb1b57e0211dd9ddb2f871d7eb45d86a02a810ce6545b2a2,0xfbb1b73c4f0bda4f67dca266ce6ef42f520fbb98,0x7071f121c038a98f8a7d485648a27fcd48891ba8,0,0,call,0x,27.14586475,None
4020821,1500029841,0x4b4a67f8cc500172e5487cf0f1b68d8cb5b59485081451c4be8447a33b07b3ab,0xfbb1b73c4f0bda4f67dca266ce6ef42f520fbb98,0x7071f121c038a98f8a7d485648a27fcd48891ba8,0,0,call,0x,26.50048568,None
4020919,1500032103,0x544f005e58aff65e14861a074728d1f92d57166909c3569b17a8da513a11f508,0xfbb1b73c4f0bda4f67dca266ce6ef42f520fbb98,0x7071f121c038a98f8a7d485648a27fcd48891ba8,0,0,call,0x,38.49192046,None
4021014,1500034328,0x49991126864be43b69fe2381378d94ad611c9165c693bcdd71a5681b544bbf99,0xfbb1b73c4f0bda4f67dca266ce6ef42f520fbb98,0x7071f121c038a98f8a7d485648a27fcd48891ba8,0,0,call,0x,26.70842866,None
4021086,1500035653,0x229648f6fa6ed6f87ab47600db7f8856309e45c2aa975e2688136bc30b04e810,0xfbb1b73c4f0bda4f67dca266ce6ef42f520fbb98,0x7071f121c038a98f8a7d485648a27fcd48891ba8,0,0,call,0x,23.512071600000002,None
4021152,1500036990,0x56aed3ae742aea995eb261b3c5863acabb2e4160559d13aeefe04fbf20d799da,0xfbb1b73c4f0bda4f67dca266ce6ef42f520fbb98,0x7071f121c038a98f8a7d485648a27fcd48891ba8,0,0,call,0x,43.070129400000006,None
4021528,1500044286,0x00e49963c961b9952f9faf7f5162b34687420265ab029ef9df1fe96f0acc40c7,0xfbb1b73c4f0bda4f67dca266ce6ef42f520fbb98,0x7071f121c038a98f8a7d485648a27fcd48891ba8,0,0,call,0x,60.73907270000001,None
4022111,1500054962,0xbebc075619d4ebf4f1847dc848c81a00e4165258fbded8798a1b2400d8c21854,0xfbb1b73c4f0bda4f67dca266ce6ef42f520fbb98,0x7071f121c038a98f8a7d485648a27fcd48891ba8,0,0,call,0x,54.22421189999999,None
4022573,1500063839,0x8a75a34ad40c7e171b650bd7579d9927c05045f33bbe28bad1364bee2e167703,0xfbb1b73c4f0bda4f67dca266ce6ef42f520fbb98,0x7071f121c038a98f8a7d485648a27fcd48891ba8,0,0,call,0x,32.14815526,None
4023021,1500072053,0x60b869f845887aa2e731651b1d5160aedfb16a72f9c75f2f2f01126fbe7d00c8,0xfbb1b73c4f0bda4f67dca266ce6ef42f520fbb98,0x7071f121c038a98f8a7d485648a27fcd48891ba8,0,0,call,0x,36.49518343,None
4024359,1500097576,0x1c2e2bb38057f1c0c7519ed82450ecd9db6692d61d333b4bec2aded51117dd76,0xfbb1b73c4f0bda4f67dca266ce6ef42f520fbb98,0x7071f121c038a98f8a7d485648a27fcd48891ba8,0,0,call,0x,27.41842232,None
4024659,1500103439,0xa68088f2f6ee44c5b0e20030cc4ccc9ff313f6df2bd79b5709b18fa1cce75b00,0xfbb1b73c4f0bda4f67dca266ce6ef42f520fbb98,0x7071f121c038a98f8a7d485648a27fcd48891ba8,0,0,call,0x,45.72791532,None
4024993,1500109430,0x3ccc901478a1279c94e426ad941224ae4303527b9b0e313867f853e455009b02,0xfbb1b73c4f0bda4f67dca266ce6ef42f520fbb98,0x7071f121c038a98f8a7d485648a27fcd48891ba8,0,0,call,0x,23.69919212,None
4025084,1500111291,0x32a2c406773ba4f658b3a1315a0a3fdb87a5c0384e524e7f7c0596fe6745bc33,0xfbb1b73c4f0bda4f67dca266ce6ef42f520fbb98,0x7071f121c038a98f8a7d485648a27fcd48891ba8,0,0,call,0x,28.35682597,None
4025231,1500114180,0x81f95ae23cebb409c6b35a67d9e311b52463a9861f03829f9ef536cd656026f6,0xfbb1b73c4f0bda4f67dca266ce6ef42f520fbb98,0x7071f121c038a98f8a7d485648a27fcd48891ba8,0,0,call,0x,29.19434523,None
4025411,1500117809,0x259174d91b960bfb542e26133d888ecb22586168e38542cda6425fcf1c9b9cc1,0xfbb1b73c4f0bda4f67dca266ce6ef42f520fbb98,0x7071f121c038a98f8a7d485648a27fcd48891ba8,0,0,call,0x,28.07711189,None
4025481,1500119155,0x49c790780241d2197ab62d256970545d54f1ad5953d57e9205e7c66a2b3a7d3d,0xfbb1b73c4f0bda4f67dca266ce6ef42f520fbb98,0x7071f121c038a98f8a7d485648a27fcd48891ba8,0,0,call,0x,32.79358383,None
4025639,1500122076,0x4139242d2bd090d85a4f4501e9750f3799c3b43c68c529b0669966d9c7d21900,0xfbb1b73c4f0bda4f67dca266ce6ef42f520fbb98,0x7071f121c038a98f8a7d485648a27fcd48891ba8,0,0,call,0x,37.79354133,None
4026012,1500128738,0x159213aca54784e3bf52cc563e4e6ba094622f1f2ed96d6685fe1098662bdc1e,0xfbb1b73c4f0bda4f67dca266ce6ef42f520fbb98,0x7071f121c038a98f8a7d485648a27fcd48891ba8,0,0,call,0x,43.70258136,None
4026132,1500130839,0x5c70d487ad03bdef19e01266aa976514c37bae012f4eb434e31569a682ca10a1,0xfbb1b73c4f0bda4f67dca266ce6ef42f520fbb98,0x7071f121c038a98f8a7d485648a27fcd48891ba8,0,0,call,0x,23.88590847,None
4026291,1500133535,0xef9e788e551acfc7f5d2715244a333b2517f23eb5085853f2deccb6fd7b3917b,0xfbb1b73c4f0bda4f67dca266ce6ef42f520fbb98,0x7071f121c038a98f8a7d485648a27fcd48891ba8,0,0,call,0x,41.49424545,None
4026472,1500137791,0xe019e15d43a1993c370099a41e8ec2aef8fab64e9d0501661e28ad0915342c21,0xfbb1b73c4f0bda4f67dca266ce6ef42f520fbb98,0x7071f121c038a98f8a7d485648a27fcd48891ba8,0,0,call,0x,38.99278551,None
4026607,1500140742,0x0b5f4f24578f6c8218b066e73f68b43837de6accf45439c4e6e45f4b066530fc,0xfbb1b73c4f0bda4f67dca266ce6ef42f520fbb98,0x7071f121c038a98f8a7d485648a27fcd48891ba8,0,0,call,0x,31.44416158000001,None
4027010,1500147904,0x07fbc5bccaca6eb9609dc9e0ecbaee9e1e4886e0b658a99145ed8aa0e68dd5de,0xfbb1b73c4f0bda4f67dca266ce6ef42f520fbb98,0x7071f121c038a98f8a7d485648a27fcd48891ba8,0,0,call,0x,27.70639264,None
4027240,1500152161,0x583477bb56e18174dedf223e8e51161a7fe92f64af354e693d1299e701e2ef88,0xfbb1b73c4f0bda4f67dca266ce6ef42f520fbb98,0x7071f121c038a98f8a7d485648a27fcd48891ba8,0,0,call,0x,25.09719231,None
4027722,1500160989,0x9bfb979ad3d6ff706b3b8dbcfdffd64524556cba935bce1c508d7f0980d6d637,0xfbb1b73c4f0bda4f67dca266ce6ef42f520fbb98,0x7071f121c038a98f8a7d485648a27fcd48891ba8,0,0,call,0x,28.87591693,None
4028484,1500174758,0xaf29ecb45970ec2d198b9e7b2741e01efed47224063de5c07727bfb63209c95c,0xfbb1b73c4f0bda4f67dca266ce6ef42f520fbb98,0x7071f121c038a98f8a7d485648a27fcd48891ba8,0,0,call,0x,24.05084804,None
4029375,1500191944,0x1761c0209e0d5d93fff667afc048f489408466e1f25d24eb5ebc8b3fe8480ea0,0xfbb1b73c4f0bda4f67dca266ce6ef42f520fbb98,0x7071f121c038a98f8a7d485648a27fcd48891ba8,0,0,call,0x,59.56232217,None
4029472,1500194053,0x718c3f805f3fae80f654febc2c09135e9cbbaf697cd0b1f2282ca8a8fa3867df,0xfbb1b73c4f0bda4f67dca266ce6ef42f520fbb98,0x7071f121c038a98f8a7d485648a27fcd48891ba8,0,0,call,0x,35.33895381,None
4029720,1500198927,0x1366824890a5fa966096800f3f8274ff161eaf2e431857e0888344fb00bb8184,0xfbb1b73c4f0bda4f67dca266ce6ef42f520fbb98,0x7071f121c038a98f8a7d485648a27fcd48891ba8,0,0,call,0x,44.62979158,None
4031091,1500224549,0xa312f8858b358d6c3f945c732de057a61d775d267166d4efd832eeffc57567ab,0xfbb1b73c4f0bda4f67dca266ce6ef42f520fbb98,0x7071f121c038a98f8a7d485648a27fcd48891ba8,0,0,call,0x,63.20286021,None
4031195,1500226483,0x22cf45f682ae6c47ab1a5da4215de5be8550a8d0a2adf40a9b98c439ada56635,0xfbb1b73c4f0bda4f67dca266ce6ef42f520fbb98,0x7071f121c038a98f8a7d485648a27fcd48891ba8,0,0,call,0x,27.01741577,None
4031227,1500227204,0x65b89127d8413c7dcc3dfd6e4528b9688874c60c24a561c96786de645d4fd3e0,0xfbb1b73c4f0bda4f67dca266ce6ef42f520fbb98,0x7071f121c038a98f8a7d485648a27fcd48891ba8,0,0,call,0x,35.23458208,None
4031272,1500228078,0x5447968b205583b10fad1d9964574c2a08d535c996a92c0e636d5baf683f6ce0,0xfbb1b73c4f0bda4f67dca266ce6ef42f520fbb98,0x7071f121c038a98f8a7d485648a27fcd48891ba8,0,0,call,0x,28.62791788,None
4031450,1500231726,0x6aba3e06dbc249b02cd85aaa9ac3549abed15f80faf0e202ce22dfcfb79fe2ca,0xfbb1b73c4f0bda4f67dca266ce6ef42f520fbb98,0x7071f121c038a98f8a7d485648a27fcd48891ba8,0,0,call,0x,32.11739264,None
4031586,1500234282,0xf43078b8b3243843af7b467783d7946b241af5323990d7c4882ff07d5a31eda9,0xfbb1b73c4f0bda4f67dca266ce6ef42f520fbb98,0x7071f121c038a98f8a7d485648a27fcd48891ba8,0,0,call,0x,53.90314905,None
4031784,1500237928,0x669ea087fd97b23fc739d1af0acbadd2a760591aa2fdd6476fcc8f149a3814cf,0xfbb1b73c4f0bda4f67dca266ce6ef42f520fbb98,0x7071f121c038a98f8a7d485648a27fcd48891ba8,0,0,call,0x,26.89880906,None
4031823,1500238576,0x344292ac2047e86870c3e889d39b3c3f7d0a341770c3680e6791f4809d830cb5,0xfbb1b73c4f0bda4f67dca266ce6ef42f520fbb98,0x7071f121c038a98f8a7d485648a27fcd48891ba8,0,0,call,0x,24.13009174,None
4032026,1500242443,0x4c234d03bdf95174bb7d1f16863ebad60caffffe77ab294d6224e7afcb52254f,0xfbb1b73c4f0bda4f67dca266ce6ef42f520fbb98,0x7071f121c038a98f8a7d485648a27fcd48891ba8,0,0,call,0x,28.902214460000003,None
4032181,1500245099,0xcde561759192c464e21b491d7d01a79fe10078c8f7e1ef439cca0e3b75970879,0xfbb1b73c4f0bda4f67dca266ce6ef42f520fbb98,0x7071f121c038a98f8a7d485648a27fcd48891ba8,0,0,call,0x,23.08416492,None
4032405,1500248829,0x579c6d55149a83f008c9311c26efd2caef2f0d093e0897b7ddcb235f6446efc2,0xfbb1b73c4f0bda4f67dca266ce6ef42f520fbb98,0x7071f121c038a98f8a7d485648a27fcd48891ba8,0,0,call,0x,25.44830371,None
4032739,1500255314,0xbb73a5d05d0b9fc4a28628dbfffb279410591aedc7fed1ecba7750fecaad9743,0xfbb1b73c4f0bda4f67dca266ce6ef42f520fbb98,0x7071f121c038a98f8a7d485648a27fcd48891ba8,0,0,call,0x,35.64180955,None
4033421,1500269021,0x2165ec2652ff1755c1a1af32ab936b82fcbb67cd026945411f0f7015d525297e,0xfbb1b73c4f0bda4f67dca266ce6ef42f520fbb98,0x7071f121c038a98f8a7d485648a27fcd48891ba8,0,0,call,0x,25.31578305,None
4033643,1500273278,0x4da510e8c4ee546b6996bd20d7c0948658c5b2cf873453c6ad38c64849b7bbd1,0xfbb1b73c4f0bda4f67dca266ce6ef42f520fbb98,0x7071f121c038a98f8a7d485648a27fcd48891ba8,0,0,call,0x,32.43561486,None
4033807,1500276237,0xde63689eb9670363ccdb7c4a80a8329d576a035ba3c15924f9b2367163699d1b,0xfbb1b73c4f0bda4f67dca266ce6ef42f520fbb98,0x7071f121c038a98f8a7d485648a27fcd48891ba8,0,0,call,0x,93.24101457,None
4033981,1500279100,0x56dfed68cfd5be4f54ca782e476671100bd004bbc01e831c4e07d9d8ecca6130,0xfbb1b73c4f0bda4f67dca266ce6ef42f520fbb98,0x7071f121c038a98f8a7d485648a27fcd48891ba8,0,0,call,0x,29.57323217,None
4034123,1500281822,0xf5641d11601f5ef0e38bfa9a91745028f4cd6bbebf8284b17f8d5d8b2bf99b4c,0xfbb1b73c4f0bda4f67dca266ce6ef42f520fbb98,0x7071f121c038a98f8a7d485648a27fcd48891ba8,0,0,call,0x,66.70992351,None
4034136,1500282029,0xada57ea266d2a3d3bb665a81293464aea394fe96f9e61a9365cfffe01bca355b,0xfbb1b73c4f0bda4f67dca266ce6ef42f520fbb98,0x7071f121c038a98f8a7d485648a27fcd48891ba8,0,0,call,0x,28.97475914,None
4034296,1500285376,0xe1dc3d2d8a483ed73ffd2213ec42dd4fc0990f2d5f16ce36d4acda1a3dd376f1,0xfbb1b73c4f0bda4f67dca266ce6ef42f520fbb98,0x7071f121c038a98f8a7d485648a27fcd48891ba8,0,0,call,0x,34.03240426,None
4034408,1500287676,0x636503efc0576ca0b1d9002ea1b6e26fb21c7cf9cf491fd9f41c5fb33a3c9ac4,0xfbb1b73c4f0bda4f67dca266ce6ef42f520fbb98,0x7071f121c038a98f8a7d485648a27fcd48891ba8,0,0,call,0x,24.61212319,None
4034481,1500288982,0x6b83d9b320811254fe42365842b5e1d65e235b1792a2e5c250b53b6608f0c75d,0xfbb1b73c4f0bda4f67dca266ce6ef42f520fbb98,0x7071f121c038a98f8a7d485648a27fcd48891ba8,0,0,call,0x,66.64538773000001,None
4034675,1500292901,0xdfaf3e1ceebe8fe091a0c640e4efa856faab9f096c872b1965a8568a520ce955,0xfbb1b73c4f0bda4f67dca266ce6ef42f520fbb98,0x7071f121c038a98f8a7d485648a27fcd48891ba8,0,0,call,0x,43.68521409,None
4034755,1500294331,0xe0a1e4517442158eac5856ce7709d98bd34d5c4e6c10f18c032891c816f056c8,0xfbb1b73c4f0bda4f67dca266ce6ef42f520fbb98,0x7071f121c038a98f8a7d485648a27fcd48891ba8,0,0,call,0x,45.0001706,None
4034884,1500297225,0xdb47757379d24812b0be368c992e50d067604340d89648ba04a2e28da633eedb,0xfbb1b73c4f0bda4f67dca266ce6ef42f520fbb98,0x7071f121c038a98f8a7d485648a27fcd48891ba8,0,0,call,0x,24.68779534,None
4035017,1500300026,0xd8926b8588397c2dc82321fecabe3dac128e23f609202ac2373b2d23c2788a1c,0xfbb1b73c4f0bda4f67dca266ce6ef42f520fbb98,0x7071f121c038a98f8a7d485648a27fcd48891ba8,0,0,call,0x,32.43722818,None
4035416,1500307944,0xfeb48d373d62d1d7da11ee39595de50c3e72d600875000d28f874b15833b05e6,0xfbb1b73c4f0bda4f67dca266ce6ef42f520fbb98,0x7071f121c038a98f8a7d485648a27fcd48891ba8,0,0,call,0x,26.46821487,None
4035523,1500309902,0xdfed6113c11f59034f887018c21d5cd903682028e490ccc7df4e8b5faa2d05e6,0xfbb1b73c4f0bda4f67dca266ce6ef42f520fbb98,0x7071f121c038a98f8a7d485648a27fcd48891ba8,0,0,call,0x,23.28291988,None
4035708,1500313483,0xce84606e27740aeec34bcbed24b6308715a6d1af24a345a36089fba4ad24ac30,0xfbb1b73c4f0bda4f67dca266ce6ef42f520fbb98,0x7071f121c038a98f8a7d485648a27fcd48891ba8,0,0,call,0x,27.21642943,None
4035837,1500315833,0xa727eb51683542446b26a45a73ecf08a54e618a8720977cd6d293d285eba7ced,0xfbb1b73c4f0bda4f67dca266ce6ef42f520fbb98,0x7071f121c038a98f8a7d485648a27fcd48891ba8,0,0,call,0x,69.18290367,None
4035936,1500317771,0x3a7da60f88ae93ca87ea5cde521cfd71a061e5d87ce7fa8184e57cb4739ec711,0xfbb1b73c4f0bda4f67dca266ce6ef42f520fbb98,0x7071f121c038a98f8a7d485648a27fcd48891ba8,0,0,call,0x,24.61813985,None
4036018,1500319357,0xfaef1d19c5d1d7177429b42f005bf23ae90a0073d6a33ca4c8a12b21c6d0c563,0xfbb1b73c4f0bda4f67dca266ce6ef42f520fbb98,0x7071f121c038a98f8a7d485648a27fcd48891ba8,0,0,call,0x,28.92153758000001,None
4036140,1500321418,0x94707664748d06eb5f9bac3179931e26e9280a14f46eeb344b70d3c98b51dcb0,0xfbb1b73c4f0bda4f67dca266ce6ef42f520fbb98,0x7071f121c038a98f8a7d485648a27fcd48891ba8,0,0,call,0x,60.00214873,None
4036232,1500323043,0x76784b9c3cfaf90fd23bb0cfcc7ecd9db3148dc4a4a88cb4e04913541a3d13b7,0xfbb1b73c4f0bda4f67dca266ce6ef42f520fbb98,0x7071f121c038a98f8a7d485648a27fcd48891ba8,0,0,call,0x,45.78021443,None
4036415,1500326530,0x6c1310a0169613ad7599cc8c81a7302d83029b5790334607923e1f5f0451aaa0,0xfbb1b73c4f0bda4f67dca266ce6ef42f520fbb98,0x7071f121c038a98f8a7d485648a27fcd48891ba8,0,0,call,0x,26.55767714,None
4036471,1500327885,0x91cba988ef3431e565382cfc46983b9df0400939e1e6e68404e065bc7633d488,0xfbb1b73c4f0bda4f67dca266ce6ef42f520fbb98,0x7071f121c038a98f8a7d485648a27fcd48891ba8,0,0,call,0x,24.94246745,None
4036791,1500333730,0xb163b2b58d6e09e0e36c99d4e3ae12324be84bc6e1f71bc6baf5dbe6c36e22df,0xfbb1b73c4f0bda4f67dca266ce6ef42f520fbb98,0x7071f121c038a98f8a7d485648a27fcd48891ba8,0,0,call,0x,38.87137003,None
4037825,1500353821,0xc2c1b5d8c96532dde07d883e00b711872f516293fd425639a38e2d214578c94a,0xfbb1b73c4f0bda4f67dca266ce6ef42f520fbb98,0x7071f121c038a98f8a7d485648a27fcd48891ba8,0,0,call,0x,29.92168899,None
4037988,1500356765,0xcef997ad1c37cb75c322ce61cf1051cf96e46de1c135100d76bb26a8f09f008c,0xfbb1b73c4f0bda4f67dca266ce6ef42f520fbb98,0x7071f121c038a98f8a7d485648a27fcd48891ba8,0,0,call,0x,33.34789372,None
4038231,1500361284,0x92bf5218a3537db6d1344a34a15dcbcf2e1bee9eabfadd3e69021478e3c041de,0xfbb1b73c4f0bda4f67dca266ce6ef42f520fbb98,0x7071f121c038a98f8a7d485648a27fcd48891ba8,0,0,call,0x,39.32881798,None
4038361,1500363855,0x2b5bd7b8e0e07de9e8b5ccbca83aeac844693b1ebd7628717076cd0a9c5c61af,0xfbb1b73c4f0bda4f67dca266ce6ef42f520fbb98,0x7071f121c038a98f8a7d485648a27fcd48891ba8,0,0,call,0x,29.6473571,None
4038516,1500366836,0xf841bae6902688b1721abcfe668c03e80ff6d67b2af22657bd700856ea911812,0xfbb1b73c4f0bda4f67dca266ce6ef42f520fbb98,0x7071f121c038a98f8a7d485648a27fcd48891ba8,0,0,call,0x,24.83387481,None
4038576,1500368138,0xf6c4938f8d0f084ea6c49fbbbefc6e9569f1bcc5a70b51d0a0b10488b3815cd8,0xfbb1b73c4f0bda4f67dca266ce6ef42f520fbb98,0x7071f121c038a98f8a7d485648a27fcd48891ba8,0,0,call,0x,32.32651035,None
4038591,1500368562,0x0846c632af10422b61b849aedf6e2b7c083531f2e21ac47333e35abc145d66b3,0xfbb1b73c4f0bda4f67dca266ce6ef42f520fbb98,0x7071f121c038a98f8a7d485648a27fcd48891ba8,0,0,call,0x,56.574838,None
4038830,1500372772,0x447a037e36c16a5c71310fdcacca18946e9863d0757551128b2a1564c8ed1a21,0xfbb1b73c4f0bda4f67dca266ce6ef42f520fbb98,0x7071f121c038a98f8a7d485648a27fcd48891ba8,0,0,call,0x,23.76445688,None
4038986,1500375712,0xb9d472a0308393ea915c3fc7650b2b049c7f25409dd98eb58526eb1c75486a56,0xfbb1b73c4f0bda4f67dca266ce6ef42f520fbb98,0x7071f121c038a98f8a7d485648a27fcd48891ba8,0,0,call,0x,26.76439743,None
4039062,1500377063,0x2cc6feabf5e234adff95d3ea421e36f055131e81944d998476c41de5a254e69f,0xfbb1b73c4f0bda4f67dca266ce6ef42f520fbb98,0x7071f121c038a98f8a7d485648a27fcd48891ba8,0,0,call,0x,41.56514253,None
4039133,1500378261,0x8de4505c2aa8c3f165198c4dd7ed8c11d9bbc7ed2d2aa71c71c6c12635507575,0xfbb1b73c4f0bda4f67dca266ce6ef42f520fbb98,0x7071f121c038a98f8a7d485648a27fcd48891ba8,0,0,call,0x,30.08550229,None
4039465,1500384248,0x2700af6f2199953faed98e2f2dfb39ba70364b8ec6b66004fe4968ab8bddf6b2,0xfbb1b73c4f0bda4f67dca266ce6ef42f520fbb98,0x7071f121c038a98f8a7d485648a27fcd48891ba8,0,0,call,0x,34.95217642,None
4039528,1500385477,0x82c24de75cf742a7299136ee7377599ce41abb6397a8a38c0997919395eb4c76,0xfbb1b73c4f0bda4f67dca266ce6ef42f520fbb98,0x7071f121c038a98f8a7d485648a27fcd48891ba8,0,0,call,0x,30.66501734,None
4039689,1500388412,0x54f564b1b13050361997083e24dc8f4244dbb2d29d1f4d1be01f1abe1587254e,0xfbb1b73c4f0bda4f67dca266ce6ef42f520fbb98,0x7071f121c038a98f8a7d485648a27fcd48891ba8,0,0,call,0x,31.53933735,None
4039763,1500389776,0x5ecfe9b84890353d7307c25f6a49b01b058f35ba2ffd7569ddc2a0f8fcfd29cd,0xfbb1b73c4f0bda4f67dca266ce6ef42f520fbb98,0x7071f121c038a98f8a7d485648a27fcd48891ba8,0,0,call,0x,69.72641037,None
4039813,1500390883,0xc39b08b987cef661ed1763ef3bb94be18c7aa5b119067532a220afebe292ec24,0xfbb1b73c4f0bda4f67dca266ce6ef42f520fbb98,0x7071f121c038a98f8a7d485648a27fcd48891ba8,0,0,call,0x,23.92092741,None
4039906,1500392728,0x0a8a4ae3a78e14e19a7c4f5e172d6972b57d2d852e6b44b802cc71f16c0bbb88,0xfbb1b73c4f0bda4f67dca266ce6ef42f520fbb98,0x7071f121c038a98f8a7d485648a27fcd48891ba8,0,0,call,0x,36.84723677,None
4040036,1500395040,0x0e619dd131757afbc4e020fcb7bf336c4a34eb86231dd6f4d28c163e468acd51,0xfbb1b73c4f0bda4f67dca266ce6ef42f520fbb98,0x7071f121c038a98f8a7d485648a27fcd48891ba8,0,0,call,0x,134.63789758,None
4040232,1500398610,0x84f2125105b2e592b0c3d0a8e94160adfb62bfbb8b19577b8e0a35fd5a839b58,0xfbb1b73c4f0bda4f67dca266ce6ef42f520fbb98,0x7071f121c038a98f8a7d485648a27fcd48891ba8,0,0,call,0x,33.38285774,None
4040452,1500402852,0x4da2bfc43bad9855a5ebcd2d2573c95ca77b9686f65e47a9f015e68de29088f8,0xfbb1b73c4f0bda4f67dca266ce6ef42f520fbb98,0x7071f121c038a98f8a7d485648a27fcd48891ba8,0,0,call,0x,30.49223285,None
4040542,1500404434,0x61a9e7d30f3cbc30c01bc381cf89871fe099f82b7cf091293248d5042f960765,0xfbb1b73c4f0bda4f67dca266ce6ef42f520fbb98,0x7071f121c038a98f8a7d485648a27fcd48891ba8,0,0,call,0x,30.90687559,None
4040612,1500405791,0xd7423284173cd7c0a9eb4ebc6488f0035bbe3e53cd0c5c71331006afbfa8ae2b,0xfbb1b73c4f0bda4f67dca266ce6ef42f520fbb98,0x7071f121c038a98f8a7d485648a27fcd48891ba8,0,0,call,0x,61.71629354,None
4040750,1500408126,0xdcd294f913ebfb9bb7b922b136ee57b284b69bc91c60ebf4c115858fd0b9eb47,0xfbb1b73c4f0bda4f67dca266ce6ef42f520fbb98,0x7071f121c038a98f8a7d485648a27fcd48891ba8,0,0,call,0x,45.61757217,None
4040804,1500409400,0xb13c1906ed93656dc6e845b67bc20f131d894d01cc6aa4e3dedbdfa844cfed9a,0xfbb1b73c4f0bda4f67dca266ce6ef42f520fbb98,0x7071f121c038a98f8a7d485648a27fcd48891ba8,0,0,call,0x,51.5822821,None
4040915,1500411466,0xe6abc2e031c54ab5db854fb8e383fd37ad42b41ba271bdcde6d6e6aee20bf065,0xfbb1b73c4f0bda4f67dca266ce6ef42f520fbb98,0x7071f121c038a98f8a7d485648a27fcd48891ba8,0,0,call,0x,26.45112552,None
4042983,1500451277,0xf64a575680dde86d7b00773f4b1925889ea35c02066fff6514f72972c1f0461a,0xfbb1b73c4f0bda4f67dca266ce6ef42f520fbb98,0x7071f121c038a98f8a7d485648a27fcd48891ba8,0,0,call,0x,56.04436802,None
4043272,1500456938,0x0139352bbaeca55c3c887d04827b15e2e341496f63a7274d7e5741115e5026e7,0xfbb1b73c4f0bda4f67dca266ce6ef42f520fbb98,0x7071f121c038a98f8a7d485648a27fcd48891ba8,0,0,call,0x,117.11286171,None
4043657,1500464122,0x4ada47b0797fbfe682906b894265882642dcff5915543f646ffe59bb6e68bc74,0xfbb1b73c4f0bda4f67dca266ce6ef42f520fbb98,0x7071f121c038a98f8a7d485648a27fcd48891ba8,0,0,call,0x,37.68026066,None
4044017,1500470619,0x236249b87e91a758a5ae4643a0b17f709be5d82ba687cffa71cd500dcf339a98,0xfbb1b73c4f0bda4f67dca266ce6ef42f520fbb98,0x7071f121c038a98f8a7d485648a27fcd48891ba8,0,0,call,0x,28.77938863,None
4044120,1500472571,0xef94400009b81bc9fd32b8448fb80e49a542ba95b5ed458c4fa3a99e520013a4,0xfbb1b73c4f0bda4f67dca266ce6ef42f520fbb98,0x7071f121c038a98f8a7d485648a27fcd48891ba8,0,0,call,0x,27.39055560000001,None
4044334,1500476199,0xae657e8fbbb4b912bb2110e6e6726d3257e3b3290bb37859a6c69343d89eb151,0xfbb1b73c4f0bda4f67dca266ce6ef42f520fbb98,0x7071f121c038a98f8a7d485648a27fcd48891ba8,0,0,call,0x,52.30460275,None
4044758,1500484342,0x26a1e40a20f3ec7e428e175906e612d09b41b9ee44b1146865b7fd22e69c8078,0xfbb1b73c4f0bda4f67dca266ce6ef42f520fbb98,0x7071f121c038a98f8a7d485648a27fcd48891ba8,0,0,call,0x,30.91509859,None
4045374,1500495806,0x43864637c2727322d0d7b6718a5cdffc199bef0d29b4a0af557ffce8e91d29ab,0xfbb1b73c4f0bda4f67dca266ce6ef42f520fbb98,0x7071f121c038a98f8a7d485648a27fcd48891ba8,0,0,call,0x,30.45757354,None
4045579,1500499370,0x16a5214d81801b610c7ca202b24519e96fb14e9f3b11eb30aef54f48c11066a6,0xfbb1b73c4f0bda4f67dca266ce6ef42f520fbb98,0x7071f121c038a98f8a7d485648a27fcd48891ba8,0,0,call,0x,56.30289009,None
4045748,1500502283,0x5c43e4f89627bade207059b49f54355427bf8fca972bec50be371613fc2419d8,0xfbb1b73c4f0bda4f67dca266ce6ef42f520fbb98,0x7071f121c038a98f8a7d485648a27fcd48891ba8,0,0,call,0x,23.49506931,None
4045830,1500503760,0x26eaa039b001516c0ef53e4cd77c8063e5473886d282b596f83de1cdb16bc145,0xfbb1b73c4f0bda4f67dca266ce6ef42f520fbb98,0x7071f121c038a98f8a7d485648a27fcd48891ba8,0,0,call,0x,24.44751714,None
4046802,1500522386,0xf4337c9e6d7ddf4ed8bb9f435a8ffabc5303593874e6e97bc91661bb82bd4bd6,0xfbb1b73c4f0bda4f67dca266ce6ef42f520fbb98,0x7071f121c038a98f8a7d485648a27fcd48891ba8,0,0,call,0x,25.09937489,None
4047337,1500532482,0x8b63a63897536a4ca73bbb9709d7558855ba47bc6e4eddc4cd914956efe1f7c0,0xfbb1b73c4f0bda4f67dca266ce6ef42f520fbb98,0x7071f121c038a98f8a7d485648a27fcd48891ba8,0,0,call,0x,32.74209469,None
4047513,1500536036,0x8514e1df43f396f8641c9ba37e0caf1546cb2adcae433e2b2a5f654f082f316b,0xfbb1b73c4f0bda4f67dca266ce6ef42f520fbb98,0x7071f121c038a98f8a7d485648a27fcd48891ba8,0,0,call,0x,23.61478503,None
4048029,1500546237,0x92ff4f4cb6367860f178367e35ddfbcd7801cd7ef0ce933ee567205aa3cf1a00,0xfbb1b73c4f0bda4f67dca266ce6ef42f520fbb98,0x7071f121c038a98f8a7d485648a27fcd48891ba8,0,0,call,0x,23.26613029,None
4048201,1500549161,0xb9e5bec75861391e941fa70e58122d6fa910d040a19f0f1ac13a6771091ddce7,0xfbb1b73c4f0bda4f67dca266ce6ef42f520fbb98,0x7071f121c038a98f8a7d485648a27fcd48891ba8,0,0,call,0x,32.09600216,None
4048239,1500549747,0x4697fc043ca35c47cb06890a14db95570782fd6e5b74ab2c7c0e84ae01b28ea1,0xfbb1b73c4f0bda4f67dca266ce6ef42f520fbb98,0x7071f121c038a98f8a7d485648a27fcd48891ba8,0,0,call,0x,38.40596216,None
4048780,1500560026,0x28fba06cf9991e612820a30e527c97a8e9879a8377ab19fa5318c52c9f09e29b,0xfbb1b73c4f0bda4f67dca266ce6ef42f520fbb98,0x7071f121c038a98f8a7d485648a27fcd48891ba8,0,0,call,0x,32.292359059999995,None
4049269,1500569185,0x87ff95ebe26715a3faeca55c7d6a3fe756ee09caa40cf374a5529e55363eed68,0xfbb1b73c4f0bda4f67dca266ce6ef42f520fbb98,0x7071f121c038a98f8a7d485648a27fcd48891ba8,0,0,call,0x,27.07122268,None
4049503,1500573635,0xa849f48f9d43d1440d52591a800e6ef16ef94d52685533f8bb4c200d512c7488,0xfbb1b73c4f0bda4f67dca266ce6ef42f520fbb98,0x7071f121c038a98f8a7d485648a27fcd48891ba8,0,0,call,0x,30.49816125,None
4049941,1500581549,0x6dd8936f5415fdadb065916a27c4b59339d7e740fa9cf90c045649296b96673a,0xfbb1b73c4f0bda4f67dca266ce6ef42f520fbb98,0x7071f121c038a98f8a7d485648a27fcd48891ba8,0,0,call,0x,35.55320620000001,None
4050151,1500585138,0xda3295c1619d834497f0884a3b6e87ef51b89bf4e92b125699a7ca7768137a62,0xfbb1b73c4f0bda4f67dca266ce6ef42f520fbb98,0x7071f121c038a98f8a7d485648a27fcd48891ba8,0,0,call,0x,26.59424368,None
4050497,1500591339,0xc463d4a0ad831b32dcfd22360d9de0438f2402480791ae68491aa5052c79851e,0xfbb1b73c4f0bda4f67dca266ce6ef42f520fbb98,0x7071f121c038a98f8a7d485648a27fcd48891ba8,0,0,call,0x,24.74718083,None
4051531,1500611034,0x70885578cfd986a2c096ee1b8f7a0bc662805e5391a2f32d5f6f1e0b04c23ade,0xfbb1b73c4f0bda4f67dca266ce6ef42f520fbb98,0x7071f121c038a98f8a7d485648a27fcd48891ba8,0,0,call,0x,27.95080012,None
4051881,1500617787,0x7fc8e08b0bf5b090da8a6219b311f1059ea469a81b018e5f6e2486b11568d25a,0xfbb1b73c4f0bda4f67dca266ce6ef42f520fbb98,0x7071f121c038a98f8a7d485648a27fcd48891ba8,0,0,call,0x,36.46930375,None
4052105,1500621766,0x7ab01470fcaac5ff0bc66b02f2b882106c17dc4ddcc2bb8dedfe04eacb6653fb,0xfbb1b73c4f0bda4f67dca266ce6ef42f520fbb98,0x7071f121c038a98f8a7d485648a27fcd48891ba8,0,0,call,0x,28.03436297,None
4052177,1500623123,0x0f54d774fcd45e14d1e4ac8096b49a8e391c6506b33ce5e92e60a80d0fbee161,0xfbb1b73c4f0bda4f67dca266ce6ef42f520fbb98,0x7071f121c038a98f8a7d485648a27fcd48891ba8,0,0,call,0x,31.75178439,None
4052461,1500628967,0xb75ef82d6c1697280a697016f25e7827cec21b5afe6e486dfd7367acce3d7707,0xfbb1b73c4f0bda4f67dca266ce6ef42f520fbb98,0x7071f121c038a98f8a7d485648a27fcd48891ba8,0,0,call,0x,24.33442079,None
4053220,1500642663,0x79338e562772940807915afb43f148ff72157f0138787b058827b44d14499394,0xfbb1b73c4f0bda4f67dca266ce6ef42f520fbb98,0x7071f121c038a98f8a7d485648a27fcd48891ba8,0,0,call,0x,31.04697085,None
4053300,1500644094,0xd8110709ac4b98960dac318e17e87ca811fb32df023e39b32fe5df72bbc3d604,0xfbb1b73c4f0bda4f67dca266ce6ef42f520fbb98,0x7071f121c038a98f8a7d485648a27fcd48891ba8,0,0,call,0x,23.21640483,None
4053500,1500647659,0xf511f0d6cc375521e0aa69235d584b9c415889333b804bb6c90067a55285575e,0xfbb1b73c4f0bda4f67dca266ce6ef42f520fbb98,0x7071f121c038a98f8a7d485648a27fcd48891ba8,0,0,call,0x,30.06085312,None
4054324,1500662768,0x891c3ea51e649d88bc7812a2298b7a35e44909aa5599db36c527eee8a9f0badf,0xfbb1b73c4f0bda4f67dca266ce6ef42f520fbb98,0x7071f121c038a98f8a7d485648a27fcd48891ba8,0,0,call,0x,34.98081992,None
4054545,1500667008,0x666bf2ce11aad4c82f256c70e262fccc3ccccfd797a6df919f8dd73f4115bfdb,0xfbb1b73c4f0bda4f67dca266ce6ef42f520fbb98,0x7071f121c038a98f8a7d485648a27fcd48891ba8,0,0,call,0x,26.425491420000004,None
4055016,1500676476,0x3b8655c7f3904663afdcddcd36074844b2a014b47e2266c15f508dd3b1db0f39,0xfbb1b73c4f0bda4f67dca266ce6ef42f520fbb98,0x7071f121c038a98f8a7d485648a27fcd48891ba8,0,0,call,0x,23.56140455,None
4056892,1500712483,0xfd0f449961748b4471e213f5452617564a576f1c0ff9824ae6bf6af7075b2351,0xfbb1b73c4f0bda4f67dca266ce6ef42f520fbb98,0x7071f121c038a98f8a7d485648a27fcd48891ba8,0,0,call,0x,36.6341153,None
4057198,1500717717,0x627d708f7756e9e4535f82b6bc824dfe0177186eb2120310c67cd238804e65a5,0xfbb1b73c4f0bda4f67dca266ce6ef42f520fbb98,0x7071f121c038a98f8a7d485648a27fcd48891ba8,0,0,call,0x,57.46001974,None
4057580,1500724870,0x96bff08e5cc0c630689ac02d176e2d2d8441f35fbc30c46d6a2f56570901eb44,0xfbb1b73c4f0bda4f67dca266ce6ef42f520fbb98,0x7071f121c038a98f8a7d485648a27fcd48891ba8,0,0,call,0x,25.149007420000004,None
4058103,1500734497,0x42262817b9bb866bfb56d03e0ce021ef70659a91481e67e3802cce68a8c188b0,0xfbb1b73c4f0bda4f67dca266ce6ef42f520fbb98,0x7071f121c038a98f8a7d485648a27fcd48891ba8,0,0,call,0x,28.38322530000001,None
4058541,1500742619,0x751e1d4aebde7ff1fe0559d354400710ff421210a4ac9e6c30c3fb1dcc082c8c,0xfbb1b73c4f0bda4f67dca266ce6ef42f520fbb98,0x7071f121c038a98f8a7d485648a27fcd48891ba8,0,0,call,0x,29.29298131,None
4059511,1500760554,0x1acaac7fa89a2ef2d36d3802cc80fa58a270de88d6f2fb079be88aeb4c3c70e2,0xfbb1b73c4f0bda4f67dca266ce6ef42f520fbb98,0x7071f121c038a98f8a7d485648a27fcd48891ba8,0,0,call,0x,34.8081646,None
4061731,1500802507,0x3c6d21c658614f994785b459659945ed65dab8948b5e1b5d48cccafe465185bd,0xfbb1b73c4f0bda4f67dca266ce6ef42f520fbb98,0x7071f121c038a98f8a7d485648a27fcd48891ba8,0,0,call,0x,35.74070666,None
4062238,1500811957,0x04f84fbcb12e21f75437fd0135a7b9c281c61170fe6786dbb11a329d00942c18,0xfbb1b73c4f0bda4f67dca266ce6ef42f520fbb98,0x7071f121c038a98f8a7d485648a27fcd48891ba8,0,0,call,0x,27.19515205,None
4062693,1500819886,0x41ebbe19d4cc93ae5589701d3806f5112ec3d0d842653fadb9b7840c4bbe3e41,0xfbb1b73c4f0bda4f67dca266ce6ef42f520fbb98,0x7071f121c038a98f8a7d485648a27fcd48891ba8,0,0,call,0x,25.52333463,None
4063141,1500828307,0x56667878b4e597b459a57ac76459319c4d6474ab754de1f0ef20843fe23507db,0xfbb1b73c4f0bda4f67dca266ce6ef42f520fbb98,0x7071f121c038a98f8a7d485648a27fcd48891ba8,0,0,call,0x,42.61516691,None
4063606,1500837088,0x21a7336c4d5b85a160a16e2bd5914230b4ac2c04691905af079157cd3dfd157c,0xfbb1b73c4f0bda4f67dca266ce6ef42f520fbb98,0x7071f121c038a98f8a7d485648a27fcd48891ba8,0,0,call,0x,26.39023009,None
4064565,1500854201,0xd8f8bb82535d67e480ea7766059e1bc30057083c5223f83e3bf17f150a5b6ab3,0xfbb1b73c4f0bda4f67dca266ce6ef42f520fbb98,0x7071f121c038a98f8a7d485648a27fcd48891ba8,0,0,call,0x,44.12955188,None
4065935,1500880380,0x6bc54db44429ff4ad5a0e445d63dd22116184cf0a05201d51aa9251e4cf96f8c,0xfbb1b73c4f0bda4f67dca266ce6ef42f520fbb98,0x7071f121c038a98f8a7d485648a27fcd48891ba8,0,0,call,0x,35.25386983,None
4066155,1500884653,0x8cdce0dfa54c0070fd87cbb7a32bbec04b93ee339ec4bdfbe17dfe96860c2b4c,0xfbb1b73c4f0bda4f67dca266ce6ef42f520fbb98,0x7071f121c038a98f8a7d485648a27fcd48891ba8,0,0,call,0x,25.86654073,None
4067386,1500907549,0xb2f3be54df74e09a85cf89a17e54283f1bb499956ca3b93a432d04e128cf07d4,0xfbb1b73c4f0bda4f67dca266ce6ef42f520fbb98,0x7071f121c038a98f8a7d485648a27fcd48891ba8,0,0,call,0x,41.16741655,None
4067656,1500913422,0x139bf78dbb3fba7e1d82018e3ba1813bb42f3c566b9c7bbdb0b3117ec93d68b2,0xfbb1b73c4f0bda4f67dca266ce6ef42f520fbb98,0x7071f121c038a98f8a7d485648a27fcd48891ba8,0,0,call,0x,32.715639350000004,None
4068222,1500924157,0xaa4b707d5a6adabb63bade8584ec95c122335454756e965c41b0563695122b14,0xfbb1b73c4f0bda4f67dca266ce6ef42f520fbb98,0x7071f121c038a98f8a7d485648a27fcd48891ba8,0,0,call,0x,26.9724892,None
4068521,1500929144,0x52ce778e60604106d216c621a1410f7f5ef0baa31a4816221d5466c5f6518ab9,0xfbb1b73c4f0bda4f67dca266ce6ef42f520fbb98,0x7071f121c038a98f8a7d485648a27fcd48891ba8,0,0,call,0x,26.69914124,None
4071910,1500991923,0xe1f60f3d75e40e1dd7e0f23d634569ee6a280560083dedcc4710ec280f43fee5,0xfbb1b73c4f0bda4f67dca266ce6ef42f520fbb98,0x7071f121c038a98f8a7d485648a27fcd48891ba8,0,0,call,0x,30.2104025,None
4072090,1500994914,0xdd519b582080f27e7831e915158c8e32ac85a191554621c19672429ad2886313,0xfbb1b73c4f0bda4f67dca266ce6ef42f520fbb98,0x7071f121c038a98f8a7d485648a27fcd48891ba8,0,0,call,0x,51.26616125,None
4072244,1500997454,0xaa8ffc0cdaa65664cbc03f0666f1f313a91bb0859091be6bd7e5aa50f1555a87,0xfbb1b73c4f0bda4f67dca266ce6ef42f520fbb98,0x7071f121c038a98f8a7d485648a27fcd48891ba8,0,0,call,0x,27.14892785,None
4072441,1501001134,0x4295b2ad6e84a47e6c1122172b95fa8edfd1277a8934b5c6b098ff4b632408f7,0xfbb1b73c4f0bda4f67dca266ce6ef42f520fbb98,0x7071f121c038a98f8a7d485648a27fcd48891ba8,0,0,call,0x,24.81981817,None
4072515,1501002736,0xe250cf5e88bc460686e9b4ad174dd49063615f0d77b42d3c97fe492f36278668,0xfbb1b73c4f0bda4f67dca266ce6ef42f520fbb98,0x7071f121c038a98f8a7d485648a27fcd48891ba8,0,0,call,0x,24.31290682,None
4072818,1501008280,0x2c87a905c97f07952ce4101d3758f7833ab7ae956f1d6b278689fde82f68d3ca,0xfbb1b73c4f0bda4f67dca266ce6ef42f520fbb98,0x7071f121c038a98f8a7d485648a27fcd48891ba8,0,0,call,0x,26.05170057,None
4073087,1501012896,0x5b49df4f7d59bb1b28ec98fb861c4831e800d9a7ceaec2483cf697cfdad50082,0xfbb1b73c4f0bda4f67dca266ce6ef42f520fbb98,0x7071f121c038a98f8a7d485648a27fcd48891ba8,0,0,call,0x,24.60839409,None
4073214,1501015455,0xe6b5a4073b59191b5d30945da3ce9b02df4a9b584a749f9360bb19ea1e46daaf,0xfbb1b73c4f0bda4f67dca266ce6ef42f520fbb98,0x7071f121c038a98f8a7d485648a27fcd48891ba8,0,0,call,0x,26.79860439,None
4073373,1501018501,0x434900eb6b6a24a53051e04ee69392e4d5b8fc56400add2dc1eed653ca458575,0xfbb1b73c4f0bda4f67dca266ce6ef42f520fbb98,0x7071f121c038a98f8a7d485648a27fcd48891ba8,0,0,call,0x,39.12409069,None
4073710,1501024970,0x39942e49cfcf051e8c64d0498be85a539d59e4c2c078d3e9da4280da508a03c8,0xfbb1b73c4f0bda4f67dca266ce6ef42f520fbb98,0x7071f121c038a98f8a7d485648a27fcd48891ba8,0,0,call,0x,28.74216898,None
4074784,1501044914,0xa88d64b5482115e06dce6c0d9fec56f9bee5cc1750fc396300c2c8d5be883af0,0xfbb1b73c4f0bda4f67dca266ce6ef42f520fbb98,0x7071f121c038a98f8a7d485648a27fcd48891ba8,0,0,call,0x,33.36247901,None
4075118,1501051477,0x2799f028c4ad6b878f55ef6be84fefaab5c0a4ceebf3e67b8fca17bcee1ad9ff,0xfbb1b73c4f0bda4f67dca266ce6ef42f520fbb98,0x7071f121c038a98f8a7d485648a27fcd48891ba8,0,0,call,0x,33.47326122,None
4075362,1501056079,0xec140bf4baf8f536837c25e53110ce69c6137e08eae65689278d0789f102d3d4,0xfbb1b73c4f0bda4f67dca266ce6ef42f520fbb98,0x7071f121c038a98f8a7d485648a27fcd48891ba8,0,0,call,0x,25.91086657,None
4075533,1501059384,0x13dd7d95e50914e6a47bb910d29acac35daa0a4dbf37049f9572a9e0765115fd,0xfbb1b73c4f0bda4f67dca266ce6ef42f520fbb98,0x7071f121c038a98f8a7d485648a27fcd48891ba8,0,0,call,0x,53.65487436,None
4075575,1501060335,0xee7f12e9df7ddd4154e18bf504cc5447500359f8cd78b3b5dec8bfecbc204b04,0xfbb1b73c4f0bda4f67dca266ce6ef42f520fbb98,0x7071f121c038a98f8a7d485648a27fcd48891ba8,0,0,call,0x,29.63997950000001,None
4075735,1501063011,0xb63b1fa225682079fa1ee78c42d2e05a13c38097d96e24974d1322121c80702b,0xfbb1b73c4f0bda4f67dca266ce6ef42f520fbb98,0x7071f121c038a98f8a7d485648a27fcd48891ba8,0,0,call,0x,25.241921020000003,None
4076055,1501068900,0x783bc617d0089e75630499b0f49e1258a872c26bdb0e8a3d9c2d67e48bd0ee37,0xfbb1b73c4f0bda4f67dca266ce6ef42f520fbb98,0x7071f121c038a98f8a7d485648a27fcd48891ba8,0,0,call,0x,24.26099288,None
4076325,1501073767,0xe1f03a1f19197dd9ee5dc23b555af912c88de567ac74a3ebc7e49f8137084658,0xfbb1b73c4f0bda4f67dca266ce6ef42f520fbb98,0x7071f121c038a98f8a7d485648a27fcd48891ba8,0,0,call,0x,23.68458954,None
4076390,1501074738,0xc4441903406e38a6bbb613be3372e0005dadbd8450b4f7e107f57ba53946bbae,0xfbb1b73c4f0bda4f67dca266ce6ef42f520fbb98,0x7071f121c038a98f8a7d485648a27fcd48891ba8,0,0,call,0x,56.80863747,None
4076593,1501078990,0x58ebfedede838631c4943ec15a4279e6200247fe0222e13cb285779fdc361773,0xfbb1b73c4f0bda4f67dca266ce6ef42f520fbb98,0x7071f121c038a98f8a7d485648a27fcd48891ba8,0,0,call,0x,23.61620402,None
4076627,1501079598,0xeb6fb006ff4020920cd879a6ec20480220ac537ad1a6b853d905579c62b78852,0xfbb1b73c4f0bda4f67dca266ce6ef42f520fbb98,0x7071f121c038a98f8a7d485648a27fcd48891ba8,0,0,call,0x,27.09973725,None
4077126,1501088235,0x4217c398039f8e9514958e297b5c9434d4fce20f54050be0dcfce82477dcb28d,0xfbb1b73c4f0bda4f67dca266ce6ef42f520fbb98,0x7071f121c038a98f8a7d485648a27fcd48891ba8,0,0,call,0x,29.12644282,None
4077448,1501094108,0xa36910fc940e754932660bb4653fb2d4fc183e46b3d36130fc995c74c141b7be,0xfbb1b73c4f0bda4f67dca266ce6ef42f520fbb98,0x7071f121c038a98f8a7d485648a27fcd48891ba8,0,0,call,0x,32.29545151,None
4077827,1501101233,0xcebb2f7fe64bb06e9ced95f688b3593090ca6945e496b63ac5c5e3a9df351c22,0xfbb1b73c4f0bda4f67dca266ce6ef42f520fbb98,0x7071f121c038a98f8a7d485648a27fcd48891ba8,0,0,call,0x,31.5718999,None
4078371,1501111701,0xd864534e5eddee89ede8145773e66f8d83390010794c1bc62188a19cad66b8be,0xfbb1b73c4f0bda4f67dca266ce6ef42f520fbb98,0x7071f121c038a98f8a7d485648a27fcd48891ba8,0,0,call,0x,23.06211155,None
4078378,1501111840,0xe404702ee63b8bbb82e179963f02e60f5e5c53d148df728f0c6bfa99bc91fe29,0xfbb1b73c4f0bda4f67dca266ce6ef42f520fbb98,0x7071f121c038a98f8a7d485648a27fcd48891ba8,0,0,call,0x,48.15640326000001,None
4079927,1501140860,0xc224f83043c45c3d2f0e2f5191bd4aa52bc8f785d8fe32e27cda8f6364f9aeb8,0xfbb1b73c4f0bda4f67dca266ce6ef42f520fbb98,0x7071f121c038a98f8a7d485648a27fcd48891ba8,0,0,call,0x,26.15451149,None
4080174,1501145121,0x3d03ce913660f56b92ecbc1cc8d4e7f694976fd000c024d86d96003fb34c85c7,0xfbb1b73c4f0bda4f67dca266ce6ef42f520fbb98,0x7071f121c038a98f8a7d485648a27fcd48891ba8,0,0,call,0x,26.4979789,None
4080424,1501150385,0x239331c489074d6698ff6ee639a7b76a8fff0ee5faf3586fed6b84353834e64f,0xfbb1b73c4f0bda4f67dca266ce6ef42f520fbb98,0x7071f121c038a98f8a7d485648a27fcd48891ba8,0,0,call,0x,24.82378407,None
4080751,1501156602,0x496e1f40ff393d61b9135ac041250367dfd077eedb47268572253c34a62d61b5,0xfbb1b73c4f0bda4f67dca266ce6ef42f520fbb98,0x7071f121c038a98f8a7d485648a27fcd48891ba8,0,0,call,0x,48.95385908,None
4080974,1501160545,0x095bd3c0f30013bdc60149488d7e2a1483293366395df5c3443f55a770c65258,0xfbb1b73c4f0bda4f67dca266ce6ef42f520fbb98,0x7071f121c038a98f8a7d485648a27fcd48891ba8,0,0,call,0x,30.264558540000003,None
4081011,1501161117,0x23170fecc7b28e0c0790fe1f6efdc80991ec7febd3070fa67127ea643df0113c,0xfbb1b73c4f0bda4f67dca266ce6ef42f520fbb98,0x7071f121c038a98f8a7d485648a27fcd48891ba8,0,0,call,0x,35.01397423,None
4081186,1501164058,0x76075a3c19351a2043dd76d49a784b2d03b4385117cd5c5bb5a3d28f92f67d8b,0xfbb1b73c4f0bda4f67dca266ce6ef42f520fbb98,0x7071f121c038a98f8a7d485648a27fcd48891ba8,0,0,call,0x,26.39359676,None
4081355,1501166840,0xf6931b69c9111e9f572b05eb9770e9fa5cd6168ba3ac23f680b8b954c3d5a29f,0xfbb1b73c4f0bda4f67dca266ce6ef42f520fbb98,0x7071f121c038a98f8a7d485648a27fcd48891ba8,0,0,call,0x,76.13668005999997,None
4081474,1501168973,0xb8baecc3ad50bb0bc247efa416dc49da50caf197753b9096552c46c6c31e2b19,0xfbb1b73c4f0bda4f67dca266ce6ef42f520fbb98,0x7071f121c038a98f8a7d485648a27fcd48891ba8,0,0,call,0x,26.3135098,None
4081638,1501171915,0xeeb9bb78e9a907c1f318803964c6358eb4f6e72f7ec8799aae3887066e488fc4,0xfbb1b73c4f0bda4f67dca266ce6ef42f520fbb98,0x7071f121c038a98f8a7d485648a27fcd48891ba8,0,0,call,0x,24.68261801,None
4081949,1501178149,0x3a17f4b7559528f4bffa7c864e742ee8eb65fa1c0d99f8727166c723c3f1df99,0xfbb1b73c4f0bda4f67dca266ce6ef42f520fbb98,0x7071f121c038a98f8a7d485648a27fcd48891ba8,0,0,call,0x,27.6444836,None
4082028,1501179852,0x70ac013faf0d4408a78838329be66ec385e06479967f48a1aaebd8424a4647f5,0xfbb1b73c4f0bda4f67dca266ce6ef42f520fbb98,0x7071f121c038a98f8a7d485648a27fcd48891ba8,0,0,call,0x,24.74425406000001,None
4082260,1501184150,0x547a6417fd671f2d34787de7a6ff308ee2eac072b34f055132d1883b9a0ea8f0,0xfbb1b73c4f0bda4f67dca266ce6ef42f520fbb98,0x7071f121c038a98f8a7d485648a27fcd48891ba8,0,0,call,0x,27.24194107,None
4082546,1501189218,0x7af89c91e35b3cb0a01d1c14bdc296744e56f10f63ac874b7d6f541eadd3bf57,0xfbb1b73c4f0bda4f67dca266ce6ef42f520fbb98,0x7071f121c038a98f8a7d485648a27fcd48891ba8,0,0,call,0x,32.56097821,None
4082780,1501193537,0xddae50bb9472b7b667ed86340a9f053dc8d6c7ba4232fe9a4726a82f49e79b92,0xfbb1b73c4f0bda4f67dca266ce6ef42f520fbb98,0x7071f121c038a98f8a7d485648a27fcd48891ba8,0,0,call,0x,30.20535163000001,None
4083068,1501199122,0x35012d36d74e100bff9f566474b044c2e418a773adaa7a947f1abc3269d522e3,0xfbb1b73c4f0bda4f67dca266ce6ef42f520fbb98,0x7071f121c038a98f8a7d485648a27fcd48891ba8,0,0,call,0x,28.05516393,None
4084573,1501226662,0x9259f6bc5b557df67c711724c52ba00cb6c363d96b99b28aec9b6c6472b138e7,0xfbb1b73c4f0bda4f67dca266ce6ef42f520fbb98,0x7071f121c038a98f8a7d485648a27fcd48891ba8,0,0,call,0x,41.01713632,None
4085193,1501238774,0x89bf3bc793dba754e0320e8d9069c1a45764ce23e588048371ee0b1a8a0dd02f,0xfbb1b73c4f0bda4f67dca266ce6ef42f520fbb98,0x7071f121c038a98f8a7d485648a27fcd48891ba8,0,0,call,0x,36.79215555,None
4085219,1501239365,0x1f5043639053e3026d063ba2f4547aa19ceed961ec0f34284eb511573313ee30,0xfbb1b73c4f0bda4f67dca266ce6ef42f520fbb98,0x7071f121c038a98f8a7d485648a27fcd48891ba8,0,0,call,0x,29.83973544,None
4085396,1501242303,0xa5f2bae53f1b49d68d6aa49b5c8cac10203e1f68d07750f9644d7f5546f36dd3,0xfbb1b73c4f0bda4f67dca266ce6ef42f520fbb98,0x7071f121c038a98f8a7d485648a27fcd48891ba8,0,0,call,0x,27.3634283,None
4085453,1501243260,0x2b02c21d031d17f260f5c39232904fbfa2477d62a713a9fea6863b4429749989,0xfbb1b73c4f0bda4f67dca266ce6ef42f520fbb98,0x7071f121c038a98f8a7d485648a27fcd48891ba8,0,0,call,0x,36.64888233,None
4085544,1501244669,0x99f49ad96665b01cf668a474e5762873d3e8a2c91a16d3bfbe720173540cbe6e,0xfbb1b73c4f0bda4f67dca266ce6ef42f520fbb98,0x7071f121c038a98f8a7d485648a27fcd48891ba8,0,0,call,0x,63.76990198,None
4085647,1501246580,0x70696d6a1874f0ce6a7441fae8739289f209bed31ef4a9c9e9b8bb5368561e50,0xfbb1b73c4f0bda4f67dca266ce6ef42f520fbb98,0x7071f121c038a98f8a7d485648a27fcd48891ba8,0,0,call,0x,24.93094390000001,None
4085714,1501248197,0x062b02a50881fc73574fa7535dbee47dfb3daf9195ebce1fd32622e14d255b9f,0xfbb1b73c4f0bda4f67dca266ce6ef42f520fbb98,0x7071f121c038a98f8a7d485648a27fcd48891ba8,0,0,call,0x,28.03506713,None
4085837,1501250156,0xc185bb8f7d0c14f0f18ce4c01c84715ffff1d5853705771475e3852a55cd838f,0xfbb1b73c4f0bda4f67dca266ce6ef42f520fbb98,0x7071f121c038a98f8a7d485648a27fcd48891ba8,0,0,call,0x,23.28046289,None
4086067,1501254756,0xbcad5cbb008334c3e1cf00e2a9fcad788c3b41461d013947f2fa10c1408ba3e9,0xfbb1b73c4f0bda4f67dca266ce6ef42f520fbb98,0x7071f121c038a98f8a7d485648a27fcd48891ba8,0,0,call,0x,26.97804616,None
4086222,1501257704,0x5b01f5bec19d7931af7a735a611620bc80e3c521badcf4dce3e6cabc13234f42,0xfbb1b73c4f0bda4f67dca266ce6ef42f520fbb98,0x7071f121c038a98f8a7d485648a27fcd48891ba8,0,0,call,0x,58.47109971,None
4086437,1501261963,0x91fdcec576316958ff3c22c5e3525b941a70164efb683201a60da5f1fe62ebad,0xfbb1b73c4f0bda4f67dca266ce6ef42f520fbb98,0x7071f121c038a98f8a7d485648a27fcd48891ba8,0,0,call,0x,30.54773469,None
4086640,1501265505,0x8dfba412cb9f2878c232086f8f1a32d5843f83258be0e9f2c9c6a163d82fd7de,0xfbb1b73c4f0bda4f67dca266ce6ef42f520fbb98,0x7071f121c038a98f8a7d485648a27fcd48891ba8,0,0,call,0x,44.92800637000001,None
4086989,1501271831,0x9880e33a01c9a4a5e7cad48b4d1384b8376da87277867717048cfe43d9f966f8,0xfbb1b73c4f0bda4f67dca266ce6ef42f520fbb98,0x7071f121c038a98f8a7d485648a27fcd48891ba8,0,0,call,0x,31.67402873,None
4087388,1501278979,0xac686e56b5f466580759326a6e2e594f1bbc28c416a7ff9d02fe412ee424ab18,0xfbb1b73c4f0bda4f67dca266ce6ef42f520fbb98,0x7071f121c038a98f8a7d485648a27fcd48891ba8,0,0,call,0x,24.84214958,None
4087527,1501281929,0xea4fee5d06cbae70fb57ab381df6b41a03c9ddd760406a77d59e39e2f76d04d8,0xfbb1b73c4f0bda4f67dca266ce6ef42f520fbb98,0x7071f121c038a98f8a7d485648a27fcd48891ba8,0,0,call,0x,23.01128964,None
4087777,1501286530,0xad4c4ba6a7fe862c9276b005eebcd9fd05c34a7d5af5361616a4c85a283fb9bf,0xfbb1b73c4f0bda4f67dca266ce6ef42f520fbb98,0x7071f121c038a98f8a7d485648a27fcd48891ba8,0,0,call,0x,34.47651799,None
4089026,1501309408,0xe82239365870952d3c246a08c4e38b4db9cc27201cb038ad9ae220db258f171a,0xfbb1b73c4f0bda4f67dca266ce6ef42f520fbb98,0x7071f121c038a98f8a7d485648a27fcd48891ba8,0,0,call,0x,28.64608371000001,None
4089232,1501313004,0xe2a8a71bc26677ad98475ea3fbcbeca77bc618529d9f02fdf53247931e99cc22,0xfbb1b73c4f0bda4f67dca266ce6ef42f520fbb98,0x7071f121c038a98f8a7d485648a27fcd48891ba8,0,0,call,0x,33.31618943,None
4089537,1501318608,0xce26bef40ee22ef3a7a82e0c7da5d095a8d47ef575b3ab52950ab93871756f27,0xfbb1b73c4f0bda4f67dca266ce6ef42f520fbb98,0x7071f121c038a98f8a7d485648a27fcd48891ba8,0,0,call,0x,27.93902845,None
4089553,1501318863,0xb3a27a49ab4ad0ae49529d40ff705edc4b633dc376777743bc3c9879bb3a6877,0xfbb1b73c4f0bda4f67dca266ce6ef42f520fbb98,0x7071f121c038a98f8a7d485648a27fcd48891ba8,0,0,call,0x,52.63300829000001,None
4089609,1501320196,0xab8d1b42942d397fbc04d4edef81b13c20a36d1e6bc7a953e578e1dd5b006ac5,0xfbb1b73c4f0bda4f67dca266ce6ef42f520fbb98,0x7071f121c038a98f8a7d485648a27fcd48891ba8,0,0,call,0x,26.2282389,None
4089722,1501322565,0x32e6def9b4753a9caabcc5fd82bab88ddeb972ba730bac3f35910a10159b7b1d,0xfbb1b73c4f0bda4f67dca266ce6ef42f520fbb98,0x7071f121c038a98f8a7d485648a27fcd48891ba8,0,0,call,0x,44.68815218,None
4090118,1501330286,0xcb429c0181cbc3e70ba55e903c741ab43718229b7083bb17a090a766682ff9fe,0xfbb1b73c4f0bda4f67dca266ce6ef42f520fbb98,0x7071f121c038a98f8a7d485648a27fcd48891ba8,0,0,call,0x,31.26933501,None
4090188,1501331639,0xa0d3c70e7a08fc8fa580e67df515f3100a131a0e895ad5a6232b80ff40b029ac,0xfbb1b73c4f0bda4f67dca266ce6ef42f520fbb98,0x7071f121c038a98f8a7d485648a27fcd48891ba8,0,0,call,0x,38.97287698,None
4090239,1501332359,0x6d88883d3fae64f69bfc605cac9ba8134e71b3496502449f14bdd05e9c7e920f,0xfbb1b73c4f0bda4f67dca266ce6ef42f520fbb98,0x7071f121c038a98f8a7d485648a27fcd48891ba8,0,0,call,0x,30.22784696,None
4090439,1501335923,0x0ff59f4f1ff54bdb0cfae2326f40071e70353ba3dc1dbb6d326593e0e41ad786,0xfbb1b73c4f0bda4f67dca266ce6ef42f520fbb98,0x7071f121c038a98f8a7d485648a27fcd48891ba8,0,0,call,0x,50.81893022,None
4090632,1501339568,0xb83f8b4ca2076402122842e89676b1baa9867c0dd4d7c29486ad8e4dee89d600,0xfbb1b73c4f0bda4f67dca266ce6ef42f520fbb98,0x7071f121c038a98f8a7d485648a27fcd48891ba8,0,0,call,0x,34.01291646,None
4090870,1501343797,0x262519f13f03928fd54ec57d1a84798ee1d6b2ec47eac66e5988e11fa424eedd,0xfbb1b73c4f0bda4f67dca266ce6ef42f520fbb98,0x7071f121c038a98f8a7d485648a27fcd48891ba8,0,0,call,0x,26.94286817,None
4090991,1501346026,0xee953fb8995fd96b8abcb539d01420776baa5b680535b53fa474045a05157594,0xfbb1b73c4f0bda4f67dca266ce6ef42f520fbb98,0x7071f121c038a98f8a7d485648a27fcd48891ba8,0,0,call,0x,42.00716457,None
4091148,1501348974,0x22d72e5a1f6777e2e776fc0a3938b0ec15845e4e7a043bbc13cdad6c0517e385,0xfbb1b73c4f0bda4f67dca266ce6ef42f520fbb98,0x7071f121c038a98f8a7d485648a27fcd48891ba8,0,0,call,0x,55.68636718000001,None
4091295,1501351905,0x1c89f218c4b7518354b374aa38bbd58ab0bbf4cae356bd84a3e31aebb870fd82,0xfbb1b73c4f0bda4f67dca266ce6ef42f520fbb98,0x7071f121c038a98f8a7d485648a27fcd48891ba8,0,0,call,0x,42.10224570000001,None
4091601,1501356937,0xdd16b993ea0dcb076d1aea9e97a876024d0b0d118861d7d3f574c394e676f82a,0xfbb1b73c4f0bda4f67dca266ce6ef42f520fbb98,0x7071f121c038a98f8a7d485648a27fcd48891ba8,0,0,call,0x,31.12370163,None
4093169,1501385691,0x8fffc72625ba0d963bea2c1827e5f62dd4aa362e4dd91a821db857622e776813,0xfbb1b73c4f0bda4f67dca266ce6ef42f520fbb98,0x7071f121c038a98f8a7d485648a27fcd48891ba8,0,0,call,0x,25.630037580000003,None
4093890,1501399400,0x9f62e7c4ec9a15f8ecc410165679828f216356b96fa98d37061f41f6e5164528,0xfbb1b73c4f0bda4f67dca266ce6ef42f520fbb98,0x7071f121c038a98f8a7d485648a27fcd48891ba8,0,0,call,0x,29.29632699,None
4094138,1501404352,0x88e1796a3940e99484a5ff9002ec3d41867073306e637e6857fb43f39966253b,0xfbb1b73c4f0bda4f67dca266ce6ef42f520fbb98,0x7071f121c038a98f8a7d485648a27fcd48891ba8,0,0,call,0x,41.18261633,None
4094198,1501405441,0x6c842ef36d99b66a5a030b6e6904f6f41d0ebb8a1880bdf919a431021953beda,0xfbb1b73c4f0bda4f67dca266ce6ef42f520fbb98,0x7071f121c038a98f8a7d485648a27fcd48891ba8,0,0,call,0x,24.15312442,None
4094398,1501408644,0x8ad6a6a90c45e07e732abfac6f0f669d75811cfca68fe6979778527c124da927,0xfbb1b73c4f0bda4f67dca266ce6ef42f520fbb98,0x7071f121c038a98f8a7d485648a27fcd48891ba8,0,0,call,0x,25.37168049,None
4094570,1501411525,0x1bd60dd48e61515b4e57039ecd28a7b2eef7784172d1da82ea843704925a2dd6,0xfbb1b73c4f0bda4f67dca266ce6ef42f520fbb98,0x7071f121c038a98f8a7d485648a27fcd48891ba8,0,0,call,0x,36.77723498,None
4094875,1501417359,0x7709066940d3c28a7ff82de6af7880968b0bda45ca3cd5650cc14899d26d05ed,0xfbb1b73c4f0bda4f67dca266ce6ef42f520fbb98,0x7071f121c038a98f8a7d485648a27fcd48891ba8,0,0,call,0x,24.86163957,None
4094980,1501419426,0xe68fb4d3f57179be913d59b190f3137064a247800b5ae2ff7f09864383aba9d2,0xfbb1b73c4f0bda4f67dca266ce6ef42f520fbb98,0x7071f121c038a98f8a7d485648a27fcd48891ba8,0,0,call,0x,28.007183899999998,None
4095134,1501422338,0xf872ce119521ebc05b2b4e0f457ceda982bb4e44f950ce88518703e165a5cd34,0xfbb1b73c4f0bda4f67dca266ce6ef42f520fbb98,0x7071f121c038a98f8a7d485648a27fcd48891ba8,0,0,call,0x,32.19286231,None
4095175,1501423159,0x06a338f02c853bf26e1cba8156b6aad38a217328ecc984ba640b716b958ab610,0xfbb1b73c4f0bda4f67dca266ce6ef42f520fbb98,0x7071f121c038a98f8a7d485648a27fcd48891ba8,0,0,call,0x,27.31324615,None
4095374,1501426910,0x00ee27f87b5f3710d74c3140890e295b886949bd29d4b44340b20f2c07781f52,0xfbb1b73c4f0bda4f67dca266ce6ef42f520fbb98,0x7071f121c038a98f8a7d485648a27fcd48891ba8,0,0,call,0x,24.18884547,None
4095522,1501429568,0x5c4314ad9d4f47810ad2bdc746d8447e05fb266c49aa1974111cca36faad59fa,0xfbb1b73c4f0bda4f67dca266ce6ef42f520fbb98,0x7071f121c038a98f8a7d485648a27fcd48891ba8,0,0,call,0x,23.87792591,None
4095973,1501437728,0x0872a1807f6812139baa298e7a5b0d97a8b43530b1287bd2877547d8bd1fbf55,0xfbb1b73c4f0bda4f67dca266ce6ef42f520fbb98,0x7071f121c038a98f8a7d485648a27fcd48891ba8,0,0,call,0x,23.16167196,None
4096378,1501444652,0xb9c7b02ea83ce7e2842ff247f7fd5b48b0a3f0a00fc64c55ae15d642d33d5e35,0xfbb1b73c4f0bda4f67dca266ce6ef42f520fbb98,0x7071f121c038a98f8a7d485648a27fcd48891ba8,0,0,call,0x,24.36614801,None
4096542,1501447542,0x2b3306233753b244cfb0fa338d7e005bf6694eb7d4a8d957a08d9bce849a6011,0xfbb1b73c4f0bda4f67dca266ce6ef42f520fbb98,0x7071f121c038a98f8a7d485648a27fcd48891ba8,0,0,call,0x,27.17516803,None
4096623,1501449137,0x1a474e2dad1db08bb59139be11d4feebba1ab5e789675293bf93ca710daf9b26,0xfbb1b73c4f0bda4f67dca266ce6ef42f520fbb98,0x7071f121c038a98f8a7d485648a27fcd48891ba8,0,0,call,0x,23.333462100000002,None
4096821,1501452766,0x08fe7d806748ad2bbaa0fb02b081b2416b81e054b315e12707d5e5f6ed3e380b,0xfbb1b73c4f0bda4f67dca266ce6ef42f520fbb98,0x7071f121c038a98f8a7d485648a27fcd48891ba8,0,0,call,0x,29.26862854,None
4096903,1501454105,0x44d42a0e8db9318903cdef9e557f0c3e2844ae8ae2fd85c9b08bb36abe86fa89,0xfbb1b73c4f0bda4f67dca266ce6ef42f520fbb98,0x7071f121c038a98f8a7d485648a27fcd48891ba8,0,0,call,0x,26.99218689,None
4098613,1501485771,0xbd7897a6953320e676fb0b1a05c8450ce904eaa6a295b7eef577c1f9112ca3fd,0xfbb1b73c4f0bda4f67dca266ce6ef42f520fbb98,0x7071f121c038a98f8a7d485648a27fcd48891ba8,0,0,call,0x,25.02113237,None
4099122,1501495005,0x264abe279ef1a06f8e5bbba22318f55c032de354d527b0c2e4873628293ccfa9,0xfbb1b73c4f0bda4f67dca266ce6ef42f520fbb98,0x7071f121c038a98f8a7d485648a27fcd48891ba8,0,0,call,0x,47.01654091,None
4099199,1501496626,0x0d70a6549f1e5bd73422e2323af22bb6fcc4ad1ca4db832ce4f74c779169f86b,0xfbb1b73c4f0bda4f67dca266ce6ef42f520fbb98,0x7071f121c038a98f8a7d485648a27fcd48891ba8,0,0,call,0x,40.50626206000001,None
4099472,1501501615,0x453cc8e40989a29271291c63b2d93776ad96e3965f98d1cb5e8c6462b7f239a2,0xfbb1b73c4f0bda4f67dca266ce6ef42f520fbb98,0x7071f121c038a98f8a7d485648a27fcd48891ba8,0,0,call,0x,26.44242493,None
4099592,1501503786,0x9265d8b42eb99775b66f8d41ee192ce7c60c42cc9248132d2c509206d87b27c7,0xfbb1b73c4f0bda4f67dca266ce6ef42f520fbb98,0x7071f121c038a98f8a7d485648a27fcd48891ba8,0,0,call,0x,23.93381470000001,None
4100474,1501520190,0x3a5868014688649c7b0bfc27635df740b03670fa8046d447870c865e5ba51423,0xfbb1b73c4f0bda4f67dca266ce6ef42f520fbb98,0x7071f121c038a98f8a7d485648a27fcd48891ba8,0,0,call,0x,30.98327193,None
4100577,1501522511,0xe84cfe56c00ae626bdfcc1a4c100d4dfe1a3d7cf6518b86933a30b758f4e3675,0xfbb1b73c4f0bda4f67dca266ce6ef42f520fbb98,0x7071f121c038a98f8a7d485648a27fcd48891ba8,0,0,call,0x,45.24920963,None
4100719,1501525432,0x6a1f50755f283ad10c485309d6024d616a5ed6ce02219d65100166e6b5b0bfb7,0xfbb1b73c4f0bda4f67dca266ce6ef42f520fbb98,0x7071f121c038a98f8a7d485648a27fcd48891ba8,0,0,call,0x,57.53949875,None
4100971,1501531015,0x1d988af359fc4381777faa24e33294b4f6b1a74f89808eebe4f7a826b916610e,0xfbb1b73c4f0bda4f67dca266ce6ef42f520fbb98,0x7071f121c038a98f8a7d485648a27fcd48891ba8,0,0,call,0x,39.71801913,None
4101478,1501541120,0x096f4ecb4e6f0b6168bd8e8fbd5110915f0e754dabe27216a7caa589a16bfae7,0xfbb1b73c4f0bda4f67dca266ce6ef42f520fbb98,0x7071f121c038a98f8a7d485648a27fcd48891ba8,0,0,call,0x,30.38055059,None
4101877,1501549276,0x3d0dec500978d12f926b9b89412f4dd954bb9c3e70b54907179b1bbe2214cf67,0xfbb1b73c4f0bda4f67dca266ce6ef42f520fbb98,0x7071f121c038a98f8a7d485648a27fcd48891ba8,0,0,call,0x,35.460029,None
4102579,1501565033,0x75bb2c1cf21c068e5eb9c2da45c840c345eb71cb5913df957c885e26133af9c4,0xfbb1b73c4f0bda4f67dca266ce6ef42f520fbb98,0x7071f121c038a98f8a7d485648a27fcd48891ba8,0,0,call,0x,26.72123921,None
4102689,1501567241,0x9f2672666569a422d378cbd33741e7b219d0a5dbbe8df79125b0a8a02adeea4f,0xfbb1b73c4f0bda4f67dca266ce6ef42f520fbb98,0x7071f121c038a98f8a7d485648a27fcd48891ba8,0,0,call,0x,30.63489743,None
4102956,1501572864,0xd8ac639aa6d4e3b535c6d54e757e8cbcfc6912dc556fe5d130b03f91a8e1efbf,0xfbb1b73c4f0bda4f67dca266ce6ef42f520fbb98,0x7071f121c038a98f8a7d485648a27fcd48891ba8,0,0,call,0x,23.2754854,None
4103095,1501575780,0xc1938eecb18680c1c889a874fb83b52f3bbaa3702c5b8c245ee48e91c143c521,0xfbb1b73c4f0bda4f67dca266ce6ef42f520fbb98,0x7071f121c038a98f8a7d485648a27fcd48891ba8,0,0,call,0x,36.47774928,None
4103199,1501578096,0x9271166acd28fd92473160ba981832cea563bec6c547dfe9f9bcc27e4f441865,0xfbb1b73c4f0bda4f67dca266ce6ef42f520fbb98,0x7071f121c038a98f8a7d485648a27fcd48891ba8,0,0,call,0x,43.64550654,None
4103251,1501579463,0x07d30404c7ea2e842132a7af9381cac45096b0c916b808d0b8657ae15bdbe794,0xfbb1b73c4f0bda4f67dca266ce6ef42f520fbb98,0x7071f121c038a98f8a7d485648a27fcd48891ba8,0,0,call,0x,48.1638922,None
4103708,1501588606,0xe4667df64a19aef5175e053988e359700400e4137bb2e3e33a3db0ae032bc565,0xfbb1b73c4f0bda4f67dca266ce6ef42f520fbb98,0x7071f121c038a98f8a7d485648a27fcd48891ba8,0,0,call,0x,23.51912008,None
4103808,1501590800,0xc4c2e9dc0a83edc26fa8bfe6e7480860dc8d6c837107106246dfd3f32e43baa4,0xfbb1b73c4f0bda4f67dca266ce6ef42f520fbb98,0x7071f121c038a98f8a7d485648a27fcd48891ba8,0,0,call,0x,26.40699953,None
4103957,1501593863,0xc6176363e10cffc3a05ca728fbf135493e6a8df9577e2560560b3fa47955ee45,0xfbb1b73c4f0bda4f67dca266ce6ef42f520fbb98,0x7071f121c038a98f8a7d485648a27fcd48891ba8,0,0,call,0x,28.60252856,None
4104144,1501597371,0xca580880110fdf4630c848f33d0528b22f59f7e7751d33f361c24c97d11469d1,0xfbb1b73c4f0bda4f67dca266ce6ef42f520fbb98,0x7071f121c038a98f8a7d485648a27fcd48891ba8,0,0,call,0x,23.83815329,None
4104323,1501601049,0x368354a5ec775d199a6030151298302f911c6407925c67a10077d2078b5ab4c6,0xfbb1b73c4f0bda4f67dca266ce6ef42f520fbb98,0x7071f121c038a98f8a7d485648a27fcd48891ba8,0,0,call,0x,23.73404552,None
4104464,1501603964,0x9d3eed32c10365abe724501cdb80b8d61fb02eb34c736fa2444ac2ca912c68f3,0xfbb1b73c4f0bda4f67dca266ce6ef42f520fbb98,0x7071f121c038a98f8a7d485648a27fcd48891ba8,0,0,call,0x,50.77457003,None
4104599,1501606897,0x9439549a20b9dafb75d461c9efe7de7c20750ca4549f065a15034bdcc5916c2c,0xfbb1b73c4f0bda4f67dca266ce6ef42f520fbb98,0x7071f121c038a98f8a7d485648a27fcd48891ba8,0,0,call,0x,23.61683867,None
4105097,1501617661,0xe9d8039089fc51a52749cca501786af69dba897d79ce335f6373f60c5ee3923e,0xfbb1b73c4f0bda4f67dca266ce6ef42f520fbb98,0x7071f121c038a98f8a7d485648a27fcd48891ba8,0,0,call,0x,63.63221031,None
4106589,1501649843,0x50044cf6b5a462f64dd1e713439bd2e5e7bb066874c04c3fde8be800ae7bd94b,0xfbb1b73c4f0bda4f67dca266ce6ef42f520fbb98,0x7071f121c038a98f8a7d485648a27fcd48891ba8,0,0,call,0x,29.05521418,None
4106887,1501656309,0xef32ef4b341e3410d45e957f98a1c716303d41ccb9021266fca842bbc50b951b,0xfbb1b73c4f0bda4f67dca266ce6ef42f520fbb98,0x7071f121c038a98f8a7d485648a27fcd48891ba8,0,0,call,0x,55.27063807,None
4106966,1501657989,0x795e79a90dd27ae5a9e3219e0f755b6dbc92b8ca75c0b11db2296126eba66752,0xfbb1b73c4f0bda4f67dca266ce6ef42f520fbb98,0x7071f121c038a98f8a7d485648a27fcd48891ba8,0,0,call,0x,23.2956944,None
4107680,1501673743,0x3b31d8e38af94302a1c44141bf7c96e53fd639ae642a70333eba5d1df7e2bf65,0xfbb1b73c4f0bda4f67dca266ce6ef42f520fbb98,0x7071f121c038a98f8a7d485648a27fcd48891ba8,0,0,call,0x,29.28070071,None
4107847,1501677317,0x9b3375ed0d2f9a711e457702eec889e12dc9c7dc86c3a791d087d22737e71196,0xfbb1b73c4f0bda4f67dca266ce6ef42f520fbb98,0x7071f121c038a98f8a7d485648a27fcd48891ba8,0,0,call,0x,26.10558093,None
4108029,1501680908,0xe685ae77d3fbe8ae694d81dc9509d74850949b3e799eb3c4572265c929a210ca,0xfbb1b73c4f0bda4f67dca266ce6ef42f520fbb98,0x7071f121c038a98f8a7d485648a27fcd48891ba8,0,0,call,0x,31.7848031,None
4108273,1501686088,0xe7c67a9303560ac69ed18a85dd0abdc5f1f46d709a9d309a05e61f2c35faa149,0xfbb1b73c4f0bda4f67dca266ce6ef42f520fbb98,0x7071f121c038a98f8a7d485648a27fcd48891ba8,0,0,call,0x,23.17444987,None
4108554,1501691645,0x83f015dd75a8acfb27687de3238b7e84f749179e9f855c8593efe12f97907bb6,0xfbb1b73c4f0bda4f67dca266ce6ef42f520fbb98,0x7071f121c038a98f8a7d485648a27fcd48891ba8,0,0,call,0x,30.37758337,None
4108897,1501699004,0x94dee39c065c44ffc283a5938efe92047c17fc2a65e3852525c6110eb356ddf7,0xfbb1b73c4f0bda4f67dca266ce6ef42f520fbb98,0x7071f121c038a98f8a7d485648a27fcd48891ba8,0,0,call,0x,25.95716134000001,None
4109100,1501703736,0x51997e1708f0344052dcc920c6215450a95ae90858c05d52e9b3e7d7aa956259,0xfbb1b73c4f0bda4f67dca266ce6ef42f520fbb98,0x7071f121c038a98f8a7d485648a27fcd48891ba8,0,0,call,0x,26.96573415,None
4111628,1501758854,0x9a70a2570899e5212a41c12888974a4fd7d387cd0a09bbff0ea183c8fa444745,0xfbb1b73c4f0bda4f67dca266ce6ef42f520fbb98,0x7071f121c038a98f8a7d485648a27fcd48891ba8,0,0,call,0x,24.49803128,None
4112351,1501773777,0x8e82e0a901b321ad6ed6c5be894b53373ea3f027ac9d5d47d667d388f1582549,0xfbb1b73c4f0bda4f67dca266ce6ef42f520fbb98,0x7071f121c038a98f8a7d485648a27fcd48891ba8,0,0,call,0x,33.50481189,None
4112559,1501778090,0x61058c59ccaff22e161f3feaee49c8c5e3186f2226c56fab442a09909d6be197,0xfbb1b73c4f0bda4f67dca266ce6ef42f520fbb98,0x7071f121c038a98f8a7d485648a27fcd48891ba8,0,0,call,0x,25.72315069,None
4112765,1501783000,0xdf67ef4e055248dadc5c48aef3e0e5ac53d372c001017dc81cd038adf5da9cf0,0xfbb1b73c4f0bda4f67dca266ce6ef42f520fbb98,0x7071f121c038a98f8a7d485648a27fcd48891ba8,0,0,call,0x,23.1012533,None
4113150,1501791247,0x60d308731fa6b2daab3fcf9ff74903e003861a0a8471f201a8f184674ff1c6e2,0xfbb1b73c4f0bda4f67dca266ce6ef42f520fbb98,0x7071f121c038a98f8a7d485648a27fcd48891ba8,0,0,call,0x,27.17887164,None
4114832,1501827790,0x3f9d7445552d6bdf44f612f2774e5c498e1579b2a0089e8b4b5282229da837b7,0xfbb1b73c4f0bda4f67dca266ce6ef42f520fbb98,0x7071f121c038a98f8a7d485648a27fcd48891ba8,0,0,call,0x,35.85249183,None
4114935,1501829760,0x1459e1311cf1c10a1c3c0525124722cfaa0b186c419cd6b9155adc2a9687db43,0xfbb1b73c4f0bda4f67dca266ce6ef42f520fbb98,0x7071f121c038a98f8a7d485648a27fcd48891ba8,0,0,call,0x,25.20997402,None
4115337,1501837906,0x92d52d7a793d51673af67a375eff07b14e89b12ca3d553670c355778ba1609cb,0xfbb1b73c4f0bda4f67dca266ce6ef42f520fbb98,0x7071f121c038a98f8a7d485648a27fcd48891ba8,0,0,call,0x,26.16676341,None
4115810,1501847843,0x53c22651a3030c30c38eeb06e638c45f60ad67b00ef431f78aa51a5239ac429e,0xfbb1b73c4f0bda4f67dca266ce6ef42f520fbb98,0x7071f121c038a98f8a7d485648a27fcd48891ba8,0,0,call,0x,33.089919779999995,None
4115883,1501849449,0x90206c64d00bdaad476b9b84e7cf824c3446a869d95a617f1cf9e39f526b8d74,0xfbb1b73c4f0bda4f67dca266ce6ef42f520fbb98,0x7071f121c038a98f8a7d485648a27fcd48891ba8,0,0,call,0x,32.498090860000005,None
4116226,1501856625,0x99535f2c69bbf74b203f91bf20465a9d61e48fc5a60ad5617e6b708cdb5fc910,0xfbb1b73c4f0bda4f67dca266ce6ef42f520fbb98,0x7071f121c038a98f8a7d485648a27fcd48891ba8,0,0,call,0x,26.42346794,None
4116486,1501862240,0xd6dbcdaf9696c75fed2a48c43bacb51640b3f8016499bff4885ad3d20a9ce11e,0xfbb1b73c4f0bda4f67dca266ce6ef42f520fbb98,0x7071f121c038a98f8a7d485648a27fcd48891ba8,0,0,call,0x,24.56052758,None
4116835,1501869689,0x609743347a5e75cd6c3f866ffba0b57a02862598364483333aa00f3104852897,0xfbb1b73c4f0bda4f67dca266ce6ef42f520fbb98,0x7071f121c038a98f8a7d485648a27fcd48891ba8,0,0,call,0x,33.67137086,None
4117097,1501875301,0xd17b7dca083b35d48d7f8fa0e24b8faf5cb81b3e8c3d3f92063a74a577db41ed,0xfbb1b73c4f0bda4f67dca266ce6ef42f520fbb98,0x7071f121c038a98f8a7d485648a27fcd48891ba8,0,0,call,0x,24.38906962,None
4117548,1501884691,0x9f66216d209f74b3ed855f25ad540cba6561c28e29ea3388196eb466dbfee80c,0xfbb1b73c4f0bda4f67dca266ce6ef42f520fbb98,0x7071f121c038a98f8a7d485648a27fcd48891ba8,0,0,call,0x,66.22547021,None
4119165,1501919194,0xde5553a06badaa45e60930125fde0f29ef7000a7bb432e1b1376d440c1cd2587,0xfbb1b73c4f0bda4f67dca266ce6ef42f520fbb98,0x7071f121c038a98f8a7d485648a27fcd48891ba8,0,0,call,0x,33.24381905,None
4119471,1501926288,0x1a32bbf52b11880e8878a2eeb0926a2e739fa2865a655e6d53a2c786f35b9514,0xfbb1b73c4f0bda4f67dca266ce6ef42f520fbb98,0x7071f121c038a98f8a7d485648a27fcd48891ba8,0,0,call,0x,36.32763614,None
4119577,1501928647,0xd399470c804e6ebf7cbcaca00c282762644473bd74751384995e738ac575f0dd,0xfbb1b73c4f0bda4f67dca266ce6ef42f520fbb98,0x7071f121c038a98f8a7d485648a27fcd48891ba8,0,0,call,0x,55.76297121,None
4120783,1501954523,0xf6aa9f37d86ef6ff551c9c182a4fe309502125d0af654b331e6e6dd09e347436,0xfbb1b73c4f0bda4f67dca266ce6ef42f520fbb98,0x7071f121c038a98f8a7d485648a27fcd48891ba8,0,0,call,0x,32.59490157,None
4120846,1501955851,0x4ddb1952d5d027267e8ae41e17ef41201b0fa6dd49332a0a61ed0c48d8fa424e,0xfbb1b73c4f0bda4f67dca266ce6ef42f520fbb98,0x7071f121c038a98f8a7d485648a27fcd48891ba8,0,0,call,0x,29.69408957,None
4121198,1501963376,0xd2735f7486f925f259cef5a707863ff744cd6f7c5d13b75e54b1dfd48019205a,0xfbb1b73c4f0bda4f67dca266ce6ef42f520fbb98,0x7071f121c038a98f8a7d485648a27fcd48891ba8,0,0,call,0x,24.43113812,None
4121634,1501972424,0x769081a8d93f0cacbd6f9ab15e299df3fbc817d1d21eb2f8a593cf7ac1c738b3,0xfbb1b73c4f0bda4f67dca266ce6ef42f520fbb98,0x7071f121c038a98f8a7d485648a27fcd48891ba8,0,0,call,0x,25.79107477,None
4122031,1501980994,0xb95847746ca65503a82e4c0c524e8b25643c38c94f04010413855521dcfd59d9,0xfbb1b73c4f0bda4f67dca266ce6ef42f520fbb98,0x7071f121c038a98f8a7d485648a27fcd48891ba8,0,0,call,0x,27.31598817,None
4123120,1502004828,0x7cf2a2f289330b655fb6fccee09fd579ec615fc323eda206f0a1f50fd4f0096c,0xfbb1b73c4f0bda4f67dca266ce6ef42f520fbb98,0x7071f121c038a98f8a7d485648a27fcd48891ba8,0,0,call,0x,28.40163625,None
4124692,1502037925,0xe431201bb84fe880957fb51ecb1df7faf5aa7d117f7b33986201ba76f9bc7ec5,0xfbb1b73c4f0bda4f67dca266ce6ef42f520fbb98,0x7071f121c038a98f8a7d485648a27fcd48891ba8,0,0,call,0x,54.51830903,None
4125042,1502045082,0x76a5a4bac6eb137203503a334c92a46d5e5a90e264f7541002abc3959c8d8a52,0xfbb1b73c4f0bda4f67dca266ce6ef42f520fbb98,0x7071f121c038a98f8a7d485648a27fcd48891ba8,0,0,call,0x,32.50046631,None
4125174,1502048071,0xc72b6531eda73afeb0e9c5946058e2ec5b3b0a719ec18aa0c7df5927933aae99,0xfbb1b73c4f0bda4f67dca266ce6ef42f520fbb98,0x7071f121c038a98f8a7d485648a27fcd48891ba8,0,0,call,0x,26.83255906,None
4125707,1502059535,0xd53e362ab890134b24e6019b5d597a534dd04cf5de54a0d12fa6429e9fe6c004,0xfbb1b73c4f0bda4f67dca266ce6ef42f520fbb98,0x7071f121c038a98f8a7d485648a27fcd48891ba8,0,0,call,0x,25.49456844,None
4125900,1502063807,0x8da9dee9206ac82a6e00e0bef25c8515829ac0df54aa8c6ba1965afe2097a59b,0xfbb1b73c4f0bda4f67dca266ce6ef42f520fbb98,0x7071f121c038a98f8a7d485648a27fcd48891ba8,0,0,call,0x,47.43811255,None
4126684,1502080470,0x1cac7d47a8ff0ff434bcb43cab7105f9679396b4b61c85f6ae6cff4e29c0ed72,0xfbb1b73c4f0bda4f67dca266ce6ef42f520fbb98,0x7071f121c038a98f8a7d485648a27fcd48891ba8,0,0,call,0x,25.03295504,None
4127197,1502091276,0x2ff6769b3c711cbe7306cf2a6f42f3d18e3a4855901bb1679cdbbc39a6dce9ef,0xfbb1b73c4f0bda4f67dca266ce6ef42f520fbb98,0x7071f121c038a98f8a7d485648a27fcd48891ba8,0,0,call,0x,24.20864514,None
4127218,1502091855,0x954a2eda47cb33180f7cb943b3936d59ce3db34823207d5d815b76b4a5a7bd1d,0xfbb1b73c4f0bda4f67dca266ce6ef42f520fbb98,0x7071f121c038a98f8a7d485648a27fcd48891ba8,0,0,call,0x,31.54101216,None
4127372,1502094817,0xbf61957905a4cdb2dd5de4c4747ccf6ed34995da4607b3f45ab83fb191cc94fd,0xfbb1b73c4f0bda4f67dca266ce6ef42f520fbb98,0x7071f121c038a98f8a7d485648a27fcd48891ba8,0,0,call,0x,28.58212844,None
4127927,1502106249,0xdf7879afa396f1d3e7b3fa047a94a8641a27497ebda43f80b29939f16ae0d297,0xfbb1b73c4f0bda4f67dca266ce6ef42f520fbb98,0x7071f121c038a98f8a7d485648a27fcd48891ba8,0,0,call,0x,34.96990942,None
4128015,1502107989,0x919e222298aa9f81a5ef9fd319bb7811092dec48bf797e1ca8e3cc3225a9cebf,0xfbb1b73c4f0bda4f67dca266ce6ef42f520fbb98,0x7071f121c038a98f8a7d485648a27fcd48891ba8,0,0,call,0x,27.42072406,None
4128197,1502111546,0xbc253b3fa8e5eb38308cbbdfdc24a02024cb4b4bd3c2e3399e63a462f78dbdee,0xfbb1b73c4f0bda4f67dca266ce6ef42f520fbb98,0x7071f121c038a98f8a7d485648a27fcd48891ba8,0,0,call,0x,29.36660044,None
4128322,1502114120,0xc375a05752adee2c6d43d7bd36f8366c0100a9982c7e1dbb3b3bbb1a80f4fce2,0xfbb1b73c4f0bda4f67dca266ce6ef42f520fbb98,0x7071f121c038a98f8a7d485648a27fcd48891ba8,0,0,call,0x,24.38394335000001,None
4128460,1502117129,0xc74846f91ec13d28a8d2ec3b35780465a1bc776f5e1ec0f0e18ad81c7a60553d,0xfbb1b73c4f0bda4f67dca266ce6ef42f520fbb98,0x7071f121c038a98f8a7d485648a27fcd48891ba8,0,0,call,0x,44.56988259,None
4128547,1502119388,0xe3760e9a8b82efdf4787a6014af7ba804a126910cae2ea735efaad7407edf3b7,0xfbb1b73c4f0bda4f67dca266ce6ef42f520fbb98,0x7071f121c038a98f8a7d485648a27fcd48891ba8,0,0,call,0x,44.17396110000001,None
4128647,1502121372,0xa57a8109a8647a45b9b36601736c53a36db650620188d8c41e3944c0f016f612,0xfbb1b73c4f0bda4f67dca266ce6ef42f520fbb98,0x7071f121c038a98f8a7d485648a27fcd48891ba8,0,0,call,0x,29.12553801,None
4128690,1502122441,0x3d85ab9ed3e32162ea7b79c55497f0daf6dfe8d876ec604806dfb8bc92a689b6,0xfbb1b73c4f0bda4f67dca266ce6ef42f520fbb98,0x7071f121c038a98f8a7d485648a27fcd48891ba8,0,0,call,0x,28.67359328,None
4128816,1502124980,0x662b3e3d3313dce0f72845f1f30408bbf548145a464992b297d44fed8ad56ba3,0xfbb1b73c4f0bda4f67dca266ce6ef42f520fbb98,0x7071f121c038a98f8a7d485648a27fcd48891ba8,0,0,call,0x,35.40615722,None
4129040,1502129568,0xb79100cd34a4e8ed226d403fffeb57fa046a65b44c48d7d595149e2c5c28cfb3,0xfbb1b73c4f0bda4f67dca266ce6ef42f520fbb98,0x7071f121c038a98f8a7d485648a27fcd48891ba8,0,0,call,0x,31.39082075,None
4129200,1502133202,0x3205c6be9d853c2792d0bba1953782c4cb55550f618d62ca6aa269d2904022f6,0xfbb1b73c4f0bda4f67dca266ce6ef42f520fbb98,0x7071f121c038a98f8a7d485648a27fcd48891ba8,0,0,call,0x,24.58333313,None
4129337,1502136087,0x3075a6a7d8526d8e4c3d7590743233f6b9dec308c2021a931b607a89e134a9ae,0xfbb1b73c4f0bda4f67dca266ce6ef42f520fbb98,0x7071f121c038a98f8a7d485648a27fcd48891ba8,0,0,call,0x,27.86486636,None
4129788,1502145924,0x0b122e7ceef592d6bc657163aa29e65f52235b3d82c25e34c8d3243865b9d723,0xfbb1b73c4f0bda4f67dca266ce6ef42f520fbb98,0x7071f121c038a98f8a7d485648a27fcd48891ba8,0,0,call,0x,22.99835066,None
4130461,1502160264,0xb610f91673240046f7fe420740d5b2a1bfd973356db4aeeed7a2c0e92413ecea,0xfbb1b73c4f0bda4f67dca266ce6ef42f520fbb98,0x7071f121c038a98f8a7d485648a27fcd48891ba8,0,0,call,0x,64.05265016,None
4131189,1502176286,0x5652a101ad5558985f3c70b42ca2626284f56b14c7934141c99df6cc0fa9e11c,0xfbb1b73c4f0bda4f67dca266ce6ef42f520fbb98,0x7071f121c038a98f8a7d485648a27fcd48891ba8,0,0,call,0x,24.86824934,None
4131291,1502178277,0x2dd60a30a67a8a33df70082105996a33e2e9f4326ffe6f84369727b0c6518011,0xfbb1b73c4f0bda4f67dca266ce6ef42f520fbb98,0x7071f121c038a98f8a7d485648a27fcd48891ba8,0,0,call,0x,23.09733033,None
4131346,1502179243,0x677340f68f35b8aca03e33b354625a57140951488a46169868bedc7f7cace805,0xfbb1b73c4f0bda4f67dca266ce6ef42f520fbb98,0x7071f121c038a98f8a7d485648a27fcd48891ba8,0,0,call,0x,28.55578609,None
4131445,1502181220,0xb8b269ada366c3114a359170840e4c8b7b9633aa6c9c648fc84da7e5f54bcc6a,0xfbb1b73c4f0bda4f67dca266ce6ef42f520fbb98,0x7071f121c038a98f8a7d485648a27fcd48891ba8,0,0,call,0x,47.86054454,None
4131573,1502184189,0xfa0a1c130a3ac1eaa8f96ce61464260e4ad52ba10ecd41ae22f217f1eae232b6,0xfbb1b73c4f0bda4f67dca266ce6ef42f520fbb98,0x7071f121c038a98f8a7d485648a27fcd48891ba8,0,0,call,0x,41.23490234,None
4131640,1502185592,0x174904e790f7c0475437fc79102f0b5e9cd93f71ff5b072ad0febd4c9ff8ec15,0xfbb1b73c4f0bda4f67dca266ce6ef42f520fbb98,0x7071f121c038a98f8a7d485648a27fcd48891ba8,0,0,call,0x,34.23015576,None
4131735,1502187788,0x545d2989a875b86f3ee39b33fb8ef5c1d27523216f841bcc73dc3e4d576b9d8d,0xfbb1b73c4f0bda4f67dca266ce6ef42f520fbb98,0x7071f121c038a98f8a7d485648a27fcd48891ba8,0,0,call,0x,27.324617200000002,None
4131798,1502189162,0xdac9c706f83dc770d6c940fe9e5db002cef617c7cac2433b5244a50bca678ea0,0xfbb1b73c4f0bda4f67dca266ce6ef42f520fbb98,0x7071f121c038a98f8a7d485648a27fcd48891ba8,0,0,call,0x,39.25530512,None
4131971,1502192123,0x7f9ed5627dfd500699c46af2ed2329d015b2f249f90dbdd41384e4be828fb125,0xfbb1b73c4f0bda4f67dca266ce6ef42f520fbb98,0x7071f121c038a98f8a7d485648a27fcd48891ba8,0,0,call,0x,39.98733165,None
4132162,1502196366,0xb17d220e761a240b5285691651d099104a1569862e076c46b933afc7e07fa8ad,0xfbb1b73c4f0bda4f67dca266ce6ef42f520fbb98,0x7071f121c038a98f8a7d485648a27fcd48891ba8,0,0,call,0x,28.24549927,None
4132450,1502202194,0x7e899a0c3c0f853a705c7198d5970924ba8abeb41a52db2917602861dea8b6b5,0xfbb1b73c4f0bda4f67dca266ce6ef42f520fbb98,0x7071f121c038a98f8a7d485648a27fcd48891ba8,0,0,call,0x,27.05428491,None
4132527,1502203539,0x79fd290014423f4fe6991541e21ee4ad627f64ac93ca8a2747310dfdc8da1393,0xfbb1b73c4f0bda4f67dca266ce6ef42f520fbb98,0x7071f121c038a98f8a7d485648a27fcd48891ba8,0,0,call,0x,24.06400111,None
4132721,1502207719,0x2e7ca0e047da26bf67ebaed040114fb866757e376efe97cc520e690aac057e86,0xfbb1b73c4f0bda4f67dca266ce6ef42f520fbb98,0x7071f121c038a98f8a7d485648a27fcd48891ba8,0,0,call,0x,26.90471432,None
4132835,1502210144,0x7ea0a56e48168b52f120ac919a6f68481d68b318b9dbb70549f269e09bf392cd,0xfbb1b73c4f0bda4f67dca266ce6ef42f520fbb98,0x7071f121c038a98f8a7d485648a27fcd48891ba8,0,0,call,0x,27.18214751,None
4133256,1502218616,0x0d08f11b416d0f5b4af5d34323034a5b62363a2146f500a9ba5bc3cc37ebe9d4,0xfbb1b73c4f0bda4f67dca266ce6ef42f520fbb98,0x7071f121c038a98f8a7d485648a27fcd48891ba8,0,0,call,0x,35.63554831000001,None
4133648,1502226778,0x21450e3beb7dc5853a4c3702e3b0180c42a6843c7f1e1367aea7a12bdb0de6d8,0xfbb1b73c4f0bda4f67dca266ce6ef42f520fbb98,0x7071f121c038a98f8a7d485648a27fcd48891ba8,0,0,call,0x,26.46583709,None
4133713,1502228210,0x7eb857c216883c4dd7ac51e7ef7b891d9d35a238505129fd1bc5c46e5d13997d,0xfbb1b73c4f0bda4f67dca266ce6ef42f520fbb98,0x7071f121c038a98f8a7d485648a27fcd48891ba8,0,0,call,0x,31.24256588,None
4133765,1502229381,0xf793faddbe3bc81ed82f3cc4e5a50c260c26433aeeaf1ff9de663162d44c4c34,0xfbb1b73c4f0bda4f67dca266ce6ef42f520fbb98,0x7071f121c038a98f8a7d485648a27fcd48891ba8,0,0,call,0x,35.56808628,None
4134029,1502235299,0x4eda642e929dbee41da1772655dfe06185e487497cc81bb5adb600ebb1346a71,0xfbb1b73c4f0bda4f67dca266ce6ef42f520fbb98,0x7071f121c038a98f8a7d485648a27fcd48891ba8,0,0,call,0x,33.38218215,None
4134792,1502251970,0x2f3fd2c63e2f714ba8f4dd6504899b879d477afec87eb79f7dc491f74dd3b81b,0xfbb1b73c4f0bda4f67dca266ce6ef42f520fbb98,0x7071f121c038a98f8a7d485648a27fcd48891ba8,0,0,call,0x,34.22835033,None
4135275,1502261765,0x9b75aeb2d57a6d01d90ae3b2d2b5753cf2b016d29c77a35c5df1b62fc4439b67,0xfbb1b73c4f0bda4f67dca266ce6ef42f520fbb98,0x7071f121c038a98f8a7d485648a27fcd48891ba8,0,0,call,0x,31.05186461,None
4135547,1502267709,0x2f69b5e539f31030b7a85a2c3675de48cf414c9083e0ea8d1372b4017744612c,0xfbb1b73c4f0bda4f67dca266ce6ef42f520fbb98,0x7071f121c038a98f8a7d485648a27fcd48891ba8,0,0,call,0x,25.03309382,None
4136887,1502295790,0x7026138815bf4115253b45520e7f298a130c9eebffe8f878e602ec7c9d2d1ac9,0xfbb1b73c4f0bda4f67dca266ce6ef42f520fbb98,0x7071f121c038a98f8a7d485648a27fcd48891ba8,0,0,call,0x,23.55840055,None
4137121,1502300741,0x66c4b4fe5991bcc79b3b666f8cb7db2032e914e19ebdf5e21e8643bcf646f598,0xfbb1b73c4f0bda4f67dca266ce6ef42f520fbb98,0x7071f121c038a98f8a7d485648a27fcd48891ba8,0,0,call,0x,34.29786294,None
4137358,1502305884,0xfb3cfde60890bfc1e694be37fad8aa24062c22d5a9886f781166e36b7b4ad706,0xfbb1b73c4f0bda4f67dca266ce6ef42f520fbb98,0x7071f121c038a98f8a7d485648a27fcd48891ba8,0,0,call,0x,29.29049404,None
4137735,1502313781,0x9d4e08f5813cb67bc9ae4bbda2692a9476c66776669f517de469059a971d0c3a,0xfbb1b73c4f0bda4f67dca266ce6ef42f520fbb98,0x7071f121c038a98f8a7d485648a27fcd48891ba8,0,0,call,0x,25.0808134,None
4138006,1502318743,0x0645a8719aa31ac62c6e662306e18b4dabcc95566e6c0f3b705d5d9d8a36425a,0xfbb1b73c4f0bda4f67dca266ce6ef42f520fbb98,0x7071f121c038a98f8a7d485648a27fcd48891ba8,0,0,call,0x,29.36589139,None
4139720,1502355493,0x81d9b636f682a72275873587822f1d3b48c9e6e8ee2e11864478bb6688afc38d,0xfbb1b73c4f0bda4f67dca266ce6ef42f520fbb98,0x7071f121c038a98f8a7d485648a27fcd48891ba8,0,0,call,0x,27.21730883,None
4140210,1502366513,0xeb6517bd662adc63ca610aa0cb6480839c4db8f8134418f8b0be23805721cfcd,0xfbb1b73c4f0bda4f67dca266ce6ef42f520fbb98,0x7071f121c038a98f8a7d485648a27fcd48891ba8,0,0,call,0x,27.68509579,None
4140300,1502368509,0xe716ef126ba8d196984a20913dbd2976bf41fad340e8409fd9eea5643f2f5183,0xfbb1b73c4f0bda4f67dca266ce6ef42f520fbb98,0x7071f121c038a98f8a7d485648a27fcd48891ba8,0,0,call,0x,26.82884669,None
4140480,1502371991,0xeb4da0b41e8e438523eec987cefe5683bd1381a180b15bd823f40a7c5ae7063b,0xfbb1b73c4f0bda4f67dca266ce6ef42f520fbb98,0x7071f121c038a98f8a7d485648a27fcd48891ba8,0,0,call,0x,38.54555136,None
4140733,1502377443,0x01e4df20dc4ce3b2e80dc04258dcd3254ebadf342b27896ffaca857a0be4e698,0xfbb1b73c4f0bda4f67dca266ce6ef42f520fbb98,0x7071f121c038a98f8a7d485648a27fcd48891ba8,0,0,call,0x,31.09549396,None
4140884,1502380623,0x6a24e6c6fc56601a779c9b3673c5f45c7e028ec256dda75d7f5b0d66914fee06,0xfbb1b73c4f0bda4f67dca266ce6ef42f520fbb98,0x7071f121c038a98f8a7d485648a27fcd48891ba8,0,0,call,0x,35.79098682,None
4141116,1502385878,0x4d307f6d05b35515c8236ed8d415f1b932c0825205e78872a13a68246093b4f3,0xfbb1b73c4f0bda4f67dca266ce6ef42f520fbb98,0x7071f121c038a98f8a7d485648a27fcd48891ba8,0,0,call,0x,23.96501269,None
4141346,1502390854,0x813eb3f1a7ba58a480fbbfff5494003c7beab657e7a6aab263843b1b9a505d5d,0xfbb1b73c4f0bda4f67dca266ce6ef42f520fbb98,0x7071f121c038a98f8a7d485648a27fcd48891ba8,0,0,call,0x,28.44419888,None
4141528,1502394372,0xb547c8e41618b1ccead14e62382e918b6b7a9dbb61fb030dd772bdda33b72b96,0xfbb1b73c4f0bda4f67dca266ce6ef42f520fbb98,0x7071f121c038a98f8a7d485648a27fcd48891ba8,0,0,call,0x,24.25675756,None
4141918,1502402481,0x4becd21c091458a15eb76f70c33a66c7a85e9798ff6b56e6787c2c1cdc83a8a7,0xfbb1b73c4f0bda4f67dca266ce6ef42f520fbb98,0x7071f121c038a98f8a7d485648a27fcd48891ba8,0,0,call,0x,51.43718499,None
4142150,1502407572,0x5d4f2556a6b5b074855eb6c7f86750d8096ca563dcc6858bd06c2cda1a84fe74,0xfbb1b73c4f0bda4f67dca266ce6ef42f520fbb98,0x7071f121c038a98f8a7d485648a27fcd48891ba8,0,0,call,0x,27.325868800000002,None
4143570,1502438240,0xf904a3f239af64575451b5399f73102dc124406d4c257c211a21f903067f1132,0xfbb1b73c4f0bda4f67dca266ce6ef42f520fbb98,0x7071f121c038a98f8a7d485648a27fcd48891ba8,0,0,call,0x,40.20744822,None
4143707,1502441087,0x243d32591845fad213726fcbae103476dedfd8650eaac0dc4bd22073dfe8789e,0xfbb1b73c4f0bda4f67dca266ce6ef42f520fbb98,0x7071f121c038a98f8a7d485648a27fcd48891ba8,0,0,call,0x,23.5490345,None
4143785,1502442718,0xccf81f45afd67506a599995b070469aff9ba724a43f8f7754b9ddabc851e5a8f,0xfbb1b73c4f0bda4f67dca266ce6ef42f520fbb98,0x7071f121c038a98f8a7d485648a27fcd48891ba8,0,0,call,0x,24.57659537,None
4144046,1502447893,0x607bed1ac8ad97ab33c1d4cd5cea8f473b400b02c557cf3993b79712771752aa,0xfbb1b73c4f0bda4f67dca266ce6ef42f520fbb98,0x7071f121c038a98f8a7d485648a27fcd48891ba8,0,0,call,0x,25.63021659,None
4144355,1502454268,0x2de085238e45bd2136b830ee87c18c978ed49ca2852edf3aca7407f973c2110b,0xfbb1b73c4f0bda4f67dca266ce6ef42f520fbb98,0x7071f121c038a98f8a7d485648a27fcd48891ba8,0,0,call,0x,27.21427395000001,None
4144456,1502456242,0x5c9d500be5f0baf1d6de27b77ff9a8d30729e66b894666684528715b2f5e74e2,0xfbb1b73c4f0bda4f67dca266ce6ef42f520fbb98,0x7071f121c038a98f8a7d485648a27fcd48891ba8,0,0,call,0x,24.20542837,None
4144525,1502457767,0x129145fd5f9c0e82e6bfeecfbf479b13eecbdff36d1bf6f03cf9815731811fa7,0xfbb1b73c4f0bda4f67dca266ce6ef42f520fbb98,0x7071f121c038a98f8a7d485648a27fcd48891ba8,0,0,call,0x,44.344676,None
4145072,1502469862,0xa7ffd73ed249de27482d4c637c33d37ab576367d8b714e02a5858609e56904c2,0xfbb1b73c4f0bda4f67dca266ce6ef42f520fbb98,0x7071f121c038a98f8a7d485648a27fcd48891ba8,0,0,call,0x,25.63960739,None
4145253,1502473617,0xc08dea64014e7a90dc82fdb0a46a8c698f45891b1251337287ffd0cab165dc67,0xfbb1b73c4f0bda4f67dca266ce6ef42f520fbb98,0x7071f121c038a98f8a7d485648a27fcd48891ba8,0,0,call,0x,23.87881873,None
4145614,1502480758,0x3bb3d3cd0f1dc1a492bcc99358a0d383505593229e9af6744acf8fbae6efad3f,0xfbb1b73c4f0bda4f67dca266ce6ef42f520fbb98,0x7071f121c038a98f8a7d485648a27fcd48891ba8,0,0,call,0x,31.21424076,None
4145997,1502488622,0x70996c0139117be3f7547095914338b42669c43c5df7c08b9a99b88b8f91442d,0xfbb1b73c4f0bda4f67dca266ce6ef42f520fbb98,0x7071f121c038a98f8a7d485648a27fcd48891ba8,0,0,call,0x,26.60825073,None
4147315,1502517214,0xaea776f7967fff6b0ae4729363c0e5b49e60de7c05c3176e4a1c0d2b4afb24cf,0xfbb1b73c4f0bda4f67dca266ce6ef42f520fbb98,0x7071f121c038a98f8a7d485648a27fcd48891ba8,0,0,call,0x,43.75292129,None
4147471,1502520325,0xa12c95352835ecb9f14b5e136a5aec4f10d5611243de542104064f9af6f2a4c1,0xfbb1b73c4f0bda4f67dca266ce6ef42f520fbb98,0x7071f121c038a98f8a7d485648a27fcd48891ba8,0,0,call,0x,35.08254341,None
4147625,1502523253,0xd9906ecd1a9212fd138113834b68e9cbbe3d8c8a86726ac7e039ad5558acbfb1,0xfbb1b73c4f0bda4f67dca266ce6ef42f520fbb98,0x7071f121c038a98f8a7d485648a27fcd48891ba8,0,0,call,0x,29.56457512,None
4147733,1502525553,0x444fea3e38f4c78adfd5256042f5c66c8383c25ed85a0e192bb7d1ef9a417e51,0xfbb1b73c4f0bda4f67dca266ce6ef42f520fbb98,0x7071f121c038a98f8a7d485648a27fcd48891ba8,0,0,call,0x,32.39537282,None
4147917,1502529173,0xf0393764983999f9afa89341c728f40b6c3eaf7b19fd74e7f43c4d313d986fc8,0xfbb1b73c4f0bda4f67dca266ce6ef42f520fbb98,0x7071f121c038a98f8a7d485648a27fcd48891ba8,0,0,call,0x,28.98677562,None
4148169,1502534800,0xfb03b7efbea774c9683191c3ad220cec1493faf37d21e32724002e3850b4a061,0xfbb1b73c4f0bda4f67dca266ce6ef42f520fbb98,0x7071f121c038a98f8a7d485648a27fcd48891ba8,0,0,call,0x,23.22670924,None
4148318,1502537593,0xc30d81be4ff15d779110978c99568c90c9f47b87194933ff498fb4c6c2b64250,0xfbb1b73c4f0bda4f67dca266ce6ef42f520fbb98,0x7071f121c038a98f8a7d485648a27fcd48891ba8,0,0,call,0x,29.03782662,None
4148494,1502541185,0xdf38a69cdc3362df255b263328d847c40a82141fad619cfe9d93ee40315cdfb0,0xfbb1b73c4f0bda4f67dca266ce6ef42f520fbb98,0x7071f121c038a98f8a7d485648a27fcd48891ba8,0,0,call,0x,23.70570815,None
4148597,1502542922,0x4ba328c5c9e9bbb66e217b24e7d268d45f89167589aae37c323d8d32c4885795,0xfbb1b73c4f0bda4f67dca266ce6ef42f520fbb98,0x7071f121c038a98f8a7d485648a27fcd48891ba8,0,0,call,0x,27.44727111000001,None
4148745,1502546130,0x6256730bc2f4bbb551e6fbcd8d00510b7dea7cbc1945e204eedd055f6f3e9084,0xfbb1b73c4f0bda4f67dca266ce6ef42f520fbb98,0x7071f121c038a98f8a7d485648a27fcd48891ba8,0,0,call,0x,30.54309278,None
4148884,1502549092,0x99267a25e24856500d95dd9604723343639f3e6315ae951a5f3dee5e1cdb2a75,0xfbb1b73c4f0bda4f67dca266ce6ef42f520fbb98,0x7071f121c038a98f8a7d485648a27fcd48891ba8,0,0,call,0x,98.67203718,None
4149106,1502553668,0x8e331d15ef73f4a5ad8f5ffab443eceaab0229b0d5eb8e15976b7746e386c573,0xfbb1b73c4f0bda4f67dca266ce6ef42f520fbb98,0x7071f121c038a98f8a7d485648a27fcd48891ba8,0,0,call,0x,35.25389091,None
4149272,1502557196,0x6b2485aec79e9fa863593c20210f64a6ba153c46c7ee2ba1967f9f343b623d84,0xfbb1b73c4f0bda4f67dca266ce6ef42f520fbb98,0x7071f121c038a98f8a7d485648a27fcd48891ba8,0,0,call,0x,24.66585859000001,None
4149702,1502565791,0x0c1a6748ac1860fa2f19f477cb0fc675663cb5e400843445cfd413f2f1cb246d,0xfbb1b73c4f0bda4f67dca266ce6ef42f520fbb98,0x7071f121c038a98f8a7d485648a27fcd48891ba8,0,0,call,0x,31.85270545,None
4150251,1502578012,0x03c4ba10650fd973981524baa57710624a1837c38a4501c303b7dc4a1d8ad89d,0xfbb1b73c4f0bda4f67dca266ce6ef42f520fbb98,0x7071f121c038a98f8a7d485648a27fcd48891ba8,0,0,call,0x,37.8601949,None
4151447,1502603131,0x26bce9d48ae59abc189992f388c023426c715c135996f654a0e8964667a30612,0xfbb1b73c4f0bda4f67dca266ce6ef42f520fbb98,0x7071f121c038a98f8a7d485648a27fcd48891ba8,0,0,call,0x,35.33554614000001,None
4151872,1502612017,0x8da4f7c04719b3a24a65ef7551cc2164c4f653402e68283d3e64069d25a3dc89,0xfbb1b73c4f0bda4f67dca266ce6ef42f520fbb98,0x7071f121c038a98f8a7d485648a27fcd48891ba8,0,0,call,0x,57.64491438,None
4152026,1502615531,0x832af1e16c755054b01727ff92e965c4b7a397feecfd18c921300328763185a8,0xfbb1b73c4f0bda4f67dca266ce6ef42f520fbb98,0x7071f121c038a98f8a7d485648a27fcd48891ba8,0,0,call,0x,25.99484016,None
4153161,1502639143,0xe84746b4dd4300043776553ceac4c01012747fc9d0072652f1f7a683fb0d63a0,0xfbb1b73c4f0bda4f67dca266ce6ef42f520fbb98,0x7071f121c038a98f8a7d485648a27fcd48891ba8,0,0,call,0x,24.05007307,None
4153429,1502644988,0x9c0aa875aaacbacdedf3af67cda2c9888d6ed1ba5b7b015da3748b4446808175,0xfbb1b73c4f0bda4f67dca266ce6ef42f520fbb98,0x7071f121c038a98f8a7d485648a27fcd48891ba8,0,0,call,0x,23.80159661,None
4153799,1502652895,0x480d96479adbb3c6ff0fc3f1c42ace4711f8146bc2af3a8cfc30483d1cd39c81,0xfbb1b73c4f0bda4f67dca266ce6ef42f520fbb98,0x7071f121c038a98f8a7d485648a27fcd48891ba8,0,0,call,0x,27.06932975,None
4154541,1502667956,0x4b36a1b4e76149b0916dbace77f3e1b153d40d4b0851d83027b1749c07ea78b1,0xfbb1b73c4f0bda4f67dca266ce6ef42f520fbb98,0x7071f121c038a98f8a7d485648a27fcd48891ba8,0,0,call,0x,26.79561042,None
4155614,1502690507,0x4f8ae78166bb83e061158e70ee9c167eaa08719f76d129cdae4a4be5e1a49532,0xfbb1b73c4f0bda4f67dca266ce6ef42f520fbb98,0x7071f121c038a98f8a7d485648a27fcd48891ba8,0,0,call,0x,25.42196564,None
4155967,1502697715,0x0a0ede3985ec3a3b712a2dc6f0a25c0b26e8573293afdde394605294a2402959,0xfbb1b73c4f0bda4f67dca266ce6ef42f520fbb98,0x7071f121c038a98f8a7d485648a27fcd48891ba8,0,0,call,0x,24.23654452,None
4156033,1502698994,0xfa9535a81ec5705837ba454c696272384e2f304138f0e5672d72156ee5873929,0xfbb1b73c4f0bda4f67dca266ce6ef42f520fbb98,0x7071f121c038a98f8a7d485648a27fcd48891ba8,0,0,call,0x,23.76048634,None
4156315,1502704957,0xed6c07d79d0c34a8dce03e3e6492d4a50a4873b0c66cb87e875c4b6318e7ea7c,0xfbb1b73c4f0bda4f67dca266ce6ef42f520fbb98,0x7071f121c038a98f8a7d485648a27fcd48891ba8,0,0,call,0x,29.79165903,None
4156537,1502709872,0x18ddc92f11ca3c13adbd52a901114cc1cc92f98eee68fe6693ad9e31824877da,0xfbb1b73c4f0bda4f67dca266ce6ef42f520fbb98,0x7071f121c038a98f8a7d485648a27fcd48891ba8,0,0,call,0x,32.15583548,None
4156649,1502712127,0x8b2ceaa745cceae6b3d9105bb52a986907a007e41abc09437129b56fada2c256,0xfbb1b73c4f0bda4f67dca266ce6ef42f520fbb98,0x7071f121c038a98f8a7d485648a27fcd48891ba8,0,0,call,0x,31.21864922,None
4156683,1502712810,0x6db1c0e5dfbc9f2b2713063ae080b8c10855dfb3e21a1e14c70a17d773a85c0c,0xfbb1b73c4f0bda4f67dca266ce6ef42f520fbb98,0x7071f121c038a98f8a7d485648a27fcd48891ba8,0,0,call,0x,41.14386967,None
4157268,1502725116,0xe0fad0225864d3eeaac899d227d8d5738f705f26eb579c08e1f688e3cb797859,0xfbb1b73c4f0bda4f67dca266ce6ef42f520fbb98,0x7071f121c038a98f8a7d485648a27fcd48891ba8,0,0,call,0x,23.539451260000003,None
4157361,1502727046,0x6dbfa2e51f382e25deb3111d252480a6b18a689d8213bccba49ff1b8beb0e265,0xfbb1b73c4f0bda4f67dca266ce6ef42f520fbb98,0x7071f121c038a98f8a7d485648a27fcd48891ba8,0,0,call,0x,33.05134934,None
4160023,1502782480,0x21c3262a19f025fa0a2078d1c34cc23691f4babf05fa11df17a6e48c39a8d729,0xfbb1b73c4f0bda4f67dca266ce6ef42f520fbb98,0x7071f121c038a98f8a7d485648a27fcd48891ba8,0,0,call,0x,23.19483201,None
4160222,1502786729,0x7e774a21712a896ea721e01728239c7848ef8b1389070ace5a624f88736849ee,0xfbb1b73c4f0bda4f67dca266ce6ef42f520fbb98,0x7071f121c038a98f8a7d485648a27fcd48891ba8,0,0,call,0x,29.10591631,None
4161624,1502815776,0x47aee6a10abf6a81aa06cc1d1f686b4b664d9d0d7f26a63db98fc7c7f55cc92e,0xfbb1b73c4f0bda4f67dca266ce6ef42f520fbb98,0x7071f121c038a98f8a7d485648a27fcd48891ba8,0,0,call,0x,23.52477992,None
4161975,1502823107,0x7bb7abf7c1cfdc5b6500097863ed556b212e3ffa69aca14a17a0b37f62509d3d,0xfbb1b73c4f0bda4f67dca266ce6ef42f520fbb98,0x7071f121c038a98f8a7d485648a27fcd48891ba8,0,0,call,0x,31.255041660000003,None
4162314,1502830620,0x3b1bc3325e84e7b196c61bc815b3042de38dfc3aab3def2462bc680c5ba9a9d6,0xfbb1b73c4f0bda4f67dca266ce6ef42f520fbb98,0x7071f121c038a98f8a7d485648a27fcd48891ba8,0,0,call,0x,24.10344609,None
4162545,1502835198,0xf949d28666abd4aaa477a96f92b202586d11e700423755ff620d900c6fc23a09,0xfbb1b73c4f0bda4f67dca266ce6ef42f520fbb98,0x7071f121c038a98f8a7d485648a27fcd48891ba8,0,0,call,0x,28.59655051,None
4163723,1502860430,0xe8381f325ccff3b253ff793b8a0106636777fe5c862d45050d834f6d9b4f7189,0xfbb1b73c4f0bda4f67dca266ce6ef42f520fbb98,0x7071f121c038a98f8a7d485648a27fcd48891ba8,0,0,call,0x,23.00221142,None
4164061,1502867758,0x09568075f559b28321c3963e0c45531d627cfea6cdce109bc2009bf190f63822,0xfbb1b73c4f0bda4f67dca266ce6ef42f520fbb98,0x7071f121c038a98f8a7d485648a27fcd48891ba8,0,0,call,0x,23.04980958,None
4164521,1502876100,0x1f1f4358661ec0753584c7fd58438de028a93f75365b5110da71d1ada89bad0f,0xfbb1b73c4f0bda4f67dca266ce6ef42f520fbb98,0x7071f121c038a98f8a7d485648a27fcd48891ba8,0,0,call,0x,26.56201438,None
4164747,1502881010,0x6e198d419eb2443c5622a208dd3f43ee46f97b1671145c3e1cb5d1bb2d1e6e2f,0xfbb1b73c4f0bda4f67dca266ce6ef42f520fbb98,0x7071f121c038a98f8a7d485648a27fcd48891ba8,0,0,call,0x,41.81687418,None
4164907,1502884572,0x0ca8cf46b5cfc84a62d9d4b2a7bf3ff6330f4e114f31559b90bd66954e9096b7,0xfbb1b73c4f0bda4f67dca266ce6ef42f520fbb98,0x7071f121c038a98f8a7d485648a27fcd48891ba8,0,0,call,0x,43.27295149,None
4165083,1502888417,0x81d0a8a93596038c673ae2a69b30463df4bd27d3df816d53b338af8c339698f0,0xfbb1b73c4f0bda4f67dca266ce6ef42f520fbb98,0x7071f121c038a98f8a7d485648a27fcd48891ba8,0,0,call,0x,29.57834355,None
4165840,1502904007,0x68cf064f2068e44d85bde0e363672ee0b189e082391ec00249236ee9eb1e86b2,0xfbb1b73c4f0bda4f67dca266ce6ef42f520fbb98,0x7071f121c038a98f8a7d485648a27fcd48891ba8,0,0,call,0x,30.74372409,None
4165890,1502904897,0xd9613e33496b282df9adfecb1ea01ddc9b175cbeed76dbd53c8f8be50eca0248,0xfbb1b73c4f0bda4f67dca266ce6ef42f520fbb98,0x7071f121c038a98f8a7d485648a27fcd48891ba8,0,0,call,0x,49.63272471,None
4165983,1502906478,0xf57f030ccafad815d67a2d58d64f94ce9ae9279340e4c13b8ea327dc89c2fccf,0xfbb1b73c4f0bda4f67dca266ce6ef42f520fbb98,0x7071f121c038a98f8a7d485648a27fcd48891ba8,0,0,call,0x,44.73311481,None
4166313,1502913473,0x1db4478a89cdc7ddb1441829ef3d38a1be21bab034d867916d5414eafef1b2b4,0xfbb1b73c4f0bda4f67dca266ce6ef42f520fbb98,0x7071f121c038a98f8a7d485648a27fcd48891ba8,0,0,call,0x,28.64925211000001,None
4166636,1502919905,0xa77040704de51cb6cfe793c9e9478b2f240c4d4f96ebd3f4136e9b5478a08d4c,0xfbb1b73c4f0bda4f67dca266ce6ef42f520fbb98,0x7071f121c038a98f8a7d485648a27fcd48891ba8,0,0,call,0x,23.76937959,None
4166734,1502922260,0x728c4cdc5e507a63502c446e8be0e8ee528843cd9062f586018b4ee0f32dbce4,0xfbb1b73c4f0bda4f67dca266ce6ef42f520fbb98,0x7071f121c038a98f8a7d485648a27fcd48891ba8,0,0,call,0x,26.21477136,None
4166964,1502927064,0x7f1302dbb3d3a9203280be02215ba4089f599c157912708a679bb60d10963992,0xfbb1b73c4f0bda4f67dca266ce6ef42f520fbb98,0x7071f121c038a98f8a7d485648a27fcd48891ba8,0,0,call,0x,27.44024839,None
4167870,1502946026,0x85701b107f1eb8443ada6abdab447ffc6e9b93aa618d667ce5f1ed0593b792f3,0xfbb1b73c4f0bda4f67dca266ce6ef42f520fbb98,0x7071f121c038a98f8a7d485648a27fcd48891ba8,0,0,call,0x,56.72222341000001,None
4168058,1502950300,0xa4065b885afa61c4ea76481c54a6a3eafd789a7efa68891f0c0fec0003eb05ec,0xfbb1b73c4f0bda4f67dca266ce6ef42f520fbb98,0x7071f121c038a98f8a7d485648a27fcd48891ba8,0,0,call,0x,24.22589581,None
4168506,1502960179,0xf77e5ffbc02a294b191a517cc1c96890597fca9e8459a3b8f48f63fa0f932459,0xfbb1b73c4f0bda4f67dca266ce6ef42f520fbb98,0x7071f121c038a98f8a7d485648a27fcd48891ba8,0,0,call,0x,26.79604936,None
4168696,1502964132,0xf09a045e9b3a6aa95c174f0f6b899e717da5ba4353c2ac9ad7ebc84804e76fd0,0xfbb1b73c4f0bda4f67dca266ce6ef42f520fbb98,0x7071f121c038a98f8a7d485648a27fcd48891ba8,0,0,call,0x,30.186629800000002,None
4169064,1502971934,0x67c329707722a0a16e901e1176651f84c86145f4551cb5d66a9f03eb38e23381,0xfbb1b73c4f0bda4f67dca266ce6ef42f520fbb98,0x7071f121c038a98f8a7d485648a27fcd48891ba8,0,0,call,0x,24.50510633,None
4169174,1502974032,0x5995941f8047704667f4fb73b6905dd5d9892cbce475c5c0d2f233820be61864,0xfbb1b73c4f0bda4f67dca266ce6ef42f520fbb98,0x7071f121c038a98f8a7d485648a27fcd48891ba8,0,0,call,0x,28.83589245,None
4169252,1502975523,0x6ff0d5543fc3290d7740686283b29fcc4d5f27a82c6ceb1a144bdb2cb94ea473,0xfbb1b73c4f0bda4f67dca266ce6ef42f520fbb98,0x7071f121c038a98f8a7d485648a27fcd48891ba8,0,0,call,0x,27.75787577,None
4169388,1502978427,0x0722dcca945bff045950a32e85b1d36dc70c56e021dc8ff17475f5ea13773123,0xfbb1b73c4f0bda4f67dca266ce6ef42f520fbb98,0x7071f121c038a98f8a7d485648a27fcd48891ba8,0,0,call,0x,26.25333499000001,None
4169497,1502980438,0x28a3e3e581950ed1dcc6c3195a31c8f82c1a829dcbbe2d6743e38b4ddf6015d5,0xfbb1b73c4f0bda4f67dca266ce6ef42f520fbb98,0x7071f121c038a98f8a7d485648a27fcd48891ba8,0,0,call,0x,27.00872581,None
4169732,1502984944,0x42348e658c641a8a997bf68c89dc0220bc426287e4a1cc4c8a08b148a2c52467,0xfbb1b73c4f0bda4f67dca266ce6ef42f520fbb98,0x7071f121c038a98f8a7d485648a27fcd48891ba8,0,0,call,0x,42.17453307,None
4169979,1502989989,0xc0c57558bc1cfbff9649a462caff39f53e174c2f1255149f1d1a1930ffca909a,0xfbb1b73c4f0bda4f67dca266ce6ef42f520fbb98,0x7071f121c038a98f8a7d485648a27fcd48891ba8,0,0,call,0x,31.27116941,None
4170123,1502992952,0xfe99088ff163627dab234b6c40053ddd4c60a5bab775dd26f4128ff1590b1681,0xfbb1b73c4f0bda4f67dca266ce6ef42f520fbb98,0x7071f121c038a98f8a7d485648a27fcd48891ba8,0,0,call,0x,30.4247669,None
4170201,1502994884,0x99a52f01d1a63cf6e5052a70d78246787eeee32f2b6bc7358315ffaff4779b14,0xfbb1b73c4f0bda4f67dca266ce6ef42f520fbb98,0x7071f121c038a98f8a7d485648a27fcd48891ba8,0,0,call,0x,27.11445792,None
4170437,1502999773,0xa6d76b1ee08bb6ad39324993e7a6205a7ab4658d95d15d43721294792efd7446,0xfbb1b73c4f0bda4f67dca266ce6ef42f520fbb98,0x7071f121c038a98f8a7d485648a27fcd48891ba8,0,0,call,0x,30.900399900000004,None
4170871,1503008319,0x54e506234b227a523c178d95dbc1adc3c331fd90be2d8191920994552743bf15,0xfbb1b73c4f0bda4f67dca266ce6ef42f520fbb98,0x7071f121c038a98f8a7d485648a27fcd48891ba8,0,0,call,0x,25.97591594,None
4170984,1503010599,0x0d0cc723727cf19c6d3059272bdbdeefb80df35415bc1d55d9457c00b3285b14,0xfbb1b73c4f0bda4f67dca266ce6ef42f520fbb98,0x7071f121c038a98f8a7d485648a27fcd48891ba8,0,0,call,0x,32.41605645,None
4171293,1503017255,0x47d5e90ace29ce183bfd24d6b7e5ec12d1fc1a16f7bb1656185fbcb050b60a27,0xfbb1b73c4f0bda4f67dca266ce6ef42f520fbb98,0x7071f121c038a98f8a7d485648a27fcd48891ba8,0,0,call,0x,23.26743947,None
4171788,1503027955,0x864593ce7a46d6502ef67bb688065790016903800b54d5497e9a03c6b3ea0ec6,0xfbb1b73c4f0bda4f67dca266ce6ef42f520fbb98,0x7071f121c038a98f8a7d485648a27fcd48891ba8,0,0,call,0x,23.3055611,None
4172157,1503035856,0x72fef77ee87f83c406658e9d9a8c2cc4d18c0c93de736a2062f19cc9952d4147,0xfbb1b73c4f0bda4f67dca266ce6ef42f520fbb98,0x7071f121c038a98f8a7d485648a27fcd48891ba8,0,0,call,0x,30.40290569,None
4172422,1503041702,0xb205dbf4b0a2520cc711b356c79ff08e80e80aa31e6c27431d49627ec5867877,0xfbb1b73c4f0bda4f67dca266ce6ef42f520fbb98,0x7071f121c038a98f8a7d485648a27fcd48891ba8,0,0,call,0x,23.53337302000001,None
4172554,1503044079,0xac5f2036b6f7ae4891ceca224948f494dddf753ce95fb041551dafc8612b2e31,0xfbb1b73c4f0bda4f67dca266ce6ef42f520fbb98,0x7071f121c038a98f8a7d485648a27fcd48891ba8,0,0,call,0x,25.30623007,None
4172712,1503047600,0xae9ac86078fb0945d840cef4b7432b773e746dd45e83ae933219b4c0f8b08b13,0xfbb1b73c4f0bda4f67dca266ce6ef42f520fbb98,0x7071f121c038a98f8a7d485648a27fcd48891ba8,0,0,call,0x,31.98839967,None
4172839,1503050127,0xc17b710aa5ad7d1011d83214c50d7c731baa52f781c3d4a036fe25055a064c81,0xfbb1b73c4f0bda4f67dca266ce6ef42f520fbb98,0x7071f121c038a98f8a7d485648a27fcd48891ba8,0,0,call,0x,30.58379323,None
4173303,1503059283,0x73c4e9df52bce5cb99936a51927ab25ddeaaddca239d0f057694f9633f3fd65f,0xfbb1b73c4f0bda4f67dca266ce6ef42f520fbb98,0x7071f121c038a98f8a7d485648a27fcd48891ba8,0,0,call,0x,23.35169695,None
4173340,1503060066,0xc425ee079d90f69d2c140431d6a2d28c31816e195b40e6f3d3dcfd39c43d495e,0xfbb1b73c4f0bda4f67dca266ce6ef42f520fbb98,0x7071f121c038a98f8a7d485648a27fcd48891ba8,0,0,call,0x,27.48181633,None
4173379,1503061007,0x132655698a5bb0c14d982cc2a550fb03992f2a557634f209c0101d681f885907,0xfbb1b73c4f0bda4f67dca266ce6ef42f520fbb98,0x7071f121c038a98f8a7d485648a27fcd48891ba8,0,0,call,0x,41.47194198,None
4173457,1503062732,0x8613bd54a1c03ea217e835e78336e5aa7c320f65229feecc01a5583a6fa0d70c,0xfbb1b73c4f0bda4f67dca266ce6ef42f520fbb98,0x7071f121c038a98f8a7d485648a27fcd48891ba8,0,0,call,0x,27.43229698,None
4173599,1503065550,0x99ea0f36d62ace07691358cdcb72bc0367c8b64dfbbea7471b6ac3a09e4e09f0,0xfbb1b73c4f0bda4f67dca266ce6ef42f520fbb98,0x7071f121c038a98f8a7d485648a27fcd48891ba8,0,0,call,0x,31.10001464,None
4173846,1503070515,0x3b3d5f12293b09efbc8017769d4d2950dd7dd8c4b54e62e8349f41c476822549,0xfbb1b73c4f0bda4f67dca266ce6ef42f520fbb98,0x7071f121c038a98f8a7d485648a27fcd48891ba8,0,0,call,0x,42.27006865,None
4174062,1503075429,0xe92b9fb41cfec1dc6b1f93c3c5aea5933b1dc55fc47331ba467d980069ab2b8d,0xfbb1b73c4f0bda4f67dca266ce6ef42f520fbb98,0x7071f121c038a98f8a7d485648a27fcd48891ba8,0,0,call,0x,44.74599195,None
4174378,1503081236,0xe91be13afb93f41691e2daea62e3f0da28345943d8a8fa88ae9cdd15950cc492,0xfbb1b73c4f0bda4f67dca266ce6ef42f520fbb98,0x7071f121c038a98f8a7d485648a27fcd48891ba8,0,0,call,0x,44.25289377,None
4174681,1503087804,0xa0f20399a5d5bb0d1958ab69fb8744e79e1d240ffcda211bf5befda9c4bc385e,0xfbb1b73c4f0bda4f67dca266ce6ef42f520fbb98,0x7071f121c038a98f8a7d485648a27fcd48891ba8,0,0,call,0x,40.10129798000001,None
4174774,1503089894,0x815820ec7e260fec674cb645eacf4860393b01b4a00150acc3636c74843fb3b4,0xfbb1b73c4f0bda4f67dca266ce6ef42f520fbb98,0x7071f121c038a98f8a7d485648a27fcd48891ba8,0,0,call,0x,31.72961691,None
4175129,1503097242,0xda07f135a139850fc83e489c4d70370e91b24d5fbf629ec9c1742f254829b4aa,0xfbb1b73c4f0bda4f67dca266ce6ef42f520fbb98,0x7071f121c038a98f8a7d485648a27fcd48891ba8,0,0,call,0x,36.40100143,None
4175258,1503099912,0xe8ac760cfb940f072f57f7f402e4e709103bd7c18437bf99b45d0b7b3114881d,0xfbb1b73c4f0bda4f67dca266ce6ef42f520fbb98,0x7071f121c038a98f8a7d485648a27fcd48891ba8,0,0,call,0x,35.96149517,None
4176571,1503126763,0x130cb6173b5ab8dc8ed487fa76aba9df44a49da0f087e86b907497f45f9cad00,0xfbb1b73c4f0bda4f67dca266ce6ef42f520fbb98,0x7071f121c038a98f8a7d485648a27fcd48891ba8,0,0,call,0x,26.60261303,None
4177011,1503135855,0x0e036e97d43f07eda2d22a44cf3f58add2c52d474986bdc444dfb5eb57487e1b,0xfbb1b73c4f0bda4f67dca266ce6ef42f520fbb98,0x7071f121c038a98f8a7d485648a27fcd48891ba8,0,0,call,0x,24.89112948,None
4177272,1503141083,0x90dcdcab8ecbaa5a222a3c13d2503aac49d8ad416edf877d65b74d5eba2eb134,0xfbb1b73c4f0bda4f67dca266ce6ef42f520fbb98,0x7071f121c038a98f8a7d485648a27fcd48891ba8,0,0,call,0x,33.28153796,None
4177370,1503143129,0x44c3333a10e257dd3a1f1fb1db7a6857208b748f9e8c4251db646b4ec5798ba1,0xfbb1b73c4f0bda4f67dca266ce6ef42f520fbb98,0x7071f121c038a98f8a7d485648a27fcd48891ba8,0,0,call,0x,31.217153260000003,None
4177489,1503145450,0x2d49942f5b8d18d3bf4160a5736a741deea9f7dcc3c809dcb75ddac190d905fb,0xfbb1b73c4f0bda4f67dca266ce6ef42f520fbb98,0x7071f121c038a98f8a7d485648a27fcd48891ba8,0,0,call,0x,25.83445286000001,None
4177513,1503146143,0x1471bdf1d20657f462265202b28919cb6af2b2223c2e128aa9684ba5aa3d215a,0xfbb1b73c4f0bda4f67dca266ce6ef42f520fbb98,0x7071f121c038a98f8a7d485648a27fcd48891ba8,0,0,call,0x,40.06495558,None
4177925,1503154632,0xefaf4a0e05339cdafcbdb2465363588370743229efece0a309b5321bd73559d2,0xfbb1b73c4f0bda4f67dca266ce6ef42f520fbb98,0x7071f121c038a98f8a7d485648a27fcd48891ba8,0,0,call,0x,34.83708579,None
4178035,1503156981,0x70e9b6835c5e28e3b71c2068c6e9ed2d35b5a6b434445e11b660df9aafa90d3f,0xfbb1b73c4f0bda4f67dca266ce6ef42f520fbb98,0x7071f121c038a98f8a7d485648a27fcd48891ba8,0,0,call,0x,47.14477878,None
4178169,1503159817,0x880293a50bcd7fdb605eb9230e722e74c25d24f6849d87ebbf5a7a670a4251c8,0xfbb1b73c4f0bda4f67dca266ce6ef42f520fbb98,0x7071f121c038a98f8a7d485648a27fcd48891ba8,0,0,call,0x,32.35080568,None
4178592,1503168308,0x0fa58798d2cdf24dc9c22e7b2440191cb7e7e609456a27d28122ecbb9c7cbc55,0xfbb1b73c4f0bda4f67dca266ce6ef42f520fbb98,0x7071f121c038a98f8a7d485648a27fcd48891ba8,0,0,call,0x,25.39233666,None
4178717,1503170624,0xda50da58f871d5c3734759212c5724feb3b919a1ab5f667b7d4b24fd7f2a229f,0xfbb1b73c4f0bda4f67dca266ce6ef42f520fbb98,0x7071f121c038a98f8a7d485648a27fcd48891ba8,0,0,call,0x,24.65177826,None
4179197,1503180740,0x30f658d03c831008d4eaa278f0585089cf5007aa5f71b87217c85eb76bcd4407,0xfbb1b73c4f0bda4f67dca266ce6ef42f520fbb98,0x7071f121c038a98f8a7d485648a27fcd48891ba8,0,0,call,0x,25.48076939000001,None
4180818,1503214404,0xc11da6dcdc9ae5ac8bfbead0535937e88cdd46eb68c660f823e5586ef3168186,0xfbb1b73c4f0bda4f67dca266ce6ef42f520fbb98,0x7071f121c038a98f8a7d485648a27fcd48891ba8,0,0,call,0x,30.24074649,None
4180985,1503218066,0x42aa26d41d1049ceda3973abc77c70f2e1521c8018cb85010b49a2fd6b2d8878,0xfbb1b73c4f0bda4f67dca266ce6ef42f520fbb98,0x7071f121c038a98f8a7d485648a27fcd48891ba8,0,0,call,0x,25.19357888,None
4181371,1503225916,0x9a9497429dfc7b03650440c0afbff298096c166bcb13847fdd67b1ea2dfa8c29,0xfbb1b73c4f0bda4f67dca266ce6ef42f520fbb98,0x7071f121c038a98f8a7d485648a27fcd48891ba8,0,0,call,0x,25.24231759000001,None
4181692,1503232515,0x0ef1104b8ef654fca3c19e7ca0112e20dd4eaf1fa623ecdd90b7a947f5e2d736,0xfbb1b73c4f0bda4f67dca266ce6ef42f520fbb98,0x7071f121c038a98f8a7d485648a27fcd48891ba8,0,0,call,0x,60.86071454,None
4181918,1503236703,0xb943623358041f98bb01be4868544c9885718f56db0e5d8ba88570eacfbcddec,0xfbb1b73c4f0bda4f67dca266ce6ef42f520fbb98,0x7071f121c038a98f8a7d485648a27fcd48891ba8,0,0,call,0x,23.96248322,None
4181987,1503238384,0xbbb0615e84f34c0d4754facc9932e09be347715b5946e5a89862da11adb133d5,0xfbb1b73c4f0bda4f67dca266ce6ef42f520fbb98,0x7071f121c038a98f8a7d485648a27fcd48891ba8,0,0,call,0x,23.56131985,None
4182238,1503243298,0x4e02e2dc721fdc19361e90b32aaf12b68d1e5c1b038f2a1783796e94d6d20b43,0xfbb1b73c4f0bda4f67dca266ce6ef42f520fbb98,0x7071f121c038a98f8a7d485648a27fcd48891ba8,0,0,call,0x,26.27092198,None
4182373,1503246169,0x0e52efa47dbf360efcf524b23f390a6f20392431e3174d84a53d7773e3e9c444,0xfbb1b73c4f0bda4f67dca266ce6ef42f520fbb98,0x7071f121c038a98f8a7d485648a27fcd48891ba8,0,0,call,0x,28.10283018,None
4182696,1503253448,0x51f764d03a7d6ba24c99b2c81a330dc03ce4fc5dd867dbd92f2a1344aadf78db,0xfbb1b73c4f0bda4f67dca266ce6ef42f520fbb98,0x7071f121c038a98f8a7d485648a27fcd48891ba8,0,0,call,0x,57.70725411,None
4182842,1503256389,0x5d00b60d565785714fee5b5a841968de7e36e05df1055d65a8b9b05ec4482b19,0xfbb1b73c4f0bda4f67dca266ce6ef42f520fbb98,0x7071f121c038a98f8a7d485648a27fcd48891ba8,0,0,call,0x,33.25223045,None
4182984,1503259236,0x38cc8c8e56a3141eabcd2a518f5081286b4da4f958cdc63b5810df5eb6bbe014,0xfbb1b73c4f0bda4f67dca266ce6ef42f520fbb98,0x7071f121c038a98f8a7d485648a27fcd48891ba8,0,0,call,0x,26.30278332,None
4183121,1503261940,0x529a34af9ae4018faea0655e8fb39549e7401f896f9761d85cf66dfdb4bbce01,0xfbb1b73c4f0bda4f67dca266ce6ef42f520fbb98,0x7071f121c038a98f8a7d485648a27fcd48891ba8,0,0,call,0x,29.03346209,None
4183333,1503266221,0xcd9fbad23ae0479662d9cfd6a3ad6f331212b772636806eef9dfa4ce93ad088f,0xfbb1b73c4f0bda4f67dca266ce6ef42f520fbb98,0x7071f121c038a98f8a7d485648a27fcd48891ba8,0,0,call,0x,33.26136667,None
4183634,1503272837,0x7dd8c586c2a0044a20b8c29e29b9a9d475b5f044c4589b68da14b9325f89405e,0xfbb1b73c4f0bda4f67dca266ce6ef42f520fbb98,0x7071f121c038a98f8a7d485648a27fcd48891ba8,0,0,call,0x,23.72093338,None
4184676,1503294381,0xfde1a5ca69bbc19d735558878eac596072acb516fb86bcdfadbeb0e1360fec14,0xfbb1b73c4f0bda4f67dca266ce6ef42f520fbb98,0x7071f121c038a98f8a7d485648a27fcd48891ba8,0,0,call,0x,25.38642826,None
4184751,1503295964,0x8d4c26f538304782987abed28b175c79870b40b0ba7e0d75a7954fa1c393f508,0xfbb1b73c4f0bda4f67dca266ce6ef42f520fbb98,0x7071f121c038a98f8a7d485648a27fcd48891ba8,0,0,call,0x,69.16447321,None
4186632,1503334699,0xea15f22d59ce5cc04acf1be74c7c2de6ba2396f8ccc96ac53da7bf504da26a23,0xfbb1b73c4f0bda4f67dca266ce6ef42f520fbb98,0x7071f121c038a98f8a7d485648a27fcd48891ba8,0,0,call,0x,55.14872946,None
4186773,1503337542,0x31832f143f918ffd8cff182b1b77f78e35f0c1553a143b09b111722df144deae,0xfbb1b73c4f0bda4f67dca266ce6ef42f520fbb98,0x7071f121c038a98f8a7d485648a27fcd48891ba8,0,0,call,0x,24.695276999999997,None
4187356,1503348965,0x0092029e1a2c21db73e622529377ff68aa8c43e80ee226657067a4eb653233d8,0xfbb1b73c4f0bda4f67dca266ce6ef42f520fbb98,0x7071f121c038a98f8a7d485648a27fcd48891ba8,0,0,call,0x,30.19749244,None
4187570,1503353493,0x223484f4fb87218af7cd5b228aa752c0bccdf18435cf7e7c957e0b56cc3210ff,0xfbb1b73c4f0bda4f67dca266ce6ef42f520fbb98,0x7071f121c038a98f8a7d485648a27fcd48891ba8,0,0,call,0x,39.58297523,None
4189528,1503394404,0x4286954b9c64cc735663b6d2d16fd641d2bf70c3a1823f135ccce3a16186a99c,0xfbb1b73c4f0bda4f67dca266ce6ef42f520fbb98,0x7071f121c038a98f8a7d485648a27fcd48891ba8,0,0,call,0x,48.12033553,None
4189618,1503396135,0xe13ce79751cd6bc5a170615868535b547d9221fd0250959d604d01a46b06b439,0xfbb1b73c4f0bda4f67dca266ce6ef42f520fbb98,0x7071f121c038a98f8a7d485648a27fcd48891ba8,0,0,call,0x,37.5992477,None
4189899,1503402300,0xa9c074ab5a847eabc894671d4c7e616fe2d7db1bd8aa43ae600d14ef2dfe9a56,0xfbb1b73c4f0bda4f67dca266ce6ef42f520fbb98,0x7071f121c038a98f8a7d485648a27fcd48891ba8,0,0,call,0x,54.51427429,None
4190118,1503406915,0x78547825f11e78e08a4add4a5c911886b1c66a03063c375af2b0be8fe5385bfe,0xfbb1b73c4f0bda4f67dca266ce6ef42f520fbb98,0x7071f121c038a98f8a7d485648a27fcd48891ba8,0,0,call,0x,23.271136,None
4190286,1503410240,0x999f6f4c121b693586df939cdeb34b1961ead5f38abe37bb88f8c8cef679999c,0xfbb1b73c4f0bda4f67dca266ce6ef42f520fbb98,0x7071f121c038a98f8a7d485648a27fcd48891ba8,0,0,call,0x,31.10229941,None
4190429,1503413206,0xd5a3ffad78035d4462d19bca7b4e4ef0298d37675208e3a4dbfa2d64aa1fc86d,0xfbb1b73c4f0bda4f67dca266ce6ef42f520fbb98,0x7071f121c038a98f8a7d485648a27fcd48891ba8,0,0,call,0x,28.75080509,None
4190498,1503414707,0x13c96b9fdc11d00717a96a48a0aab7a85cbee3d31e90eb198931c33436149ce0,0xfbb1b73c4f0bda4f67dca266ce6ef42f520fbb98,0x7071f121c038a98f8a7d485648a27fcd48891ba8,0,0,call,0x,29.74894288,None
4190585,1503416770,0x07237b4940c427c7afd11d6fea243d6ef91c3d4002b5964b7b33ed97ca2616f8,0xfbb1b73c4f0bda4f67dca266ce6ef42f520fbb98,0x7071f121c038a98f8a7d485648a27fcd48891ba8,0,0,call,0x,23.50788295000001,None
4190763,1503420337,0xd00f0a90c28d0955c9a4ba4bf323ca1f339e5440e5686513b8692e1bd2acd51e,0xfbb1b73c4f0bda4f67dca266ce6ef42f520fbb98,0x7071f121c038a98f8a7d485648a27fcd48891ba8,0,0,call,0x,25.71939992,None
4190972,1503424608,0xd83a73213418dadc5b9bcf6d455ae273457fb735532d605096aa9301111758d5,0xfbb1b73c4f0bda4f67dca266ce6ef42f520fbb98,0x7071f121c038a98f8a7d485648a27fcd48891ba8,0,0,call,0x,57.61956239,None
4191091,1503426852,0x7a00780a5b31def97a45199aca54debcd59afabe5a85e7e57d52b252a57b1594,0xfbb1b73c4f0bda4f67dca266ce6ef42f520fbb98,0x7071f121c038a98f8a7d485648a27fcd48891ba8,0,0,call,0x,25.63912236,None
4191208,1503429133,0x87469081fca094a1eb667eece309e0550b95f6ab02fc12a9431cdaf639ae54c5,0xfbb1b73c4f0bda4f67dca266ce6ef42f520fbb98,0x7071f121c038a98f8a7d485648a27fcd48891ba8,0,0,call,0x,25.13875558,None
4191540,1503435409,0x928f9a0fef8d668d58d622eb32eb1fca9b678db42c2027e5ba9d81c8e2b9c47b,0xfbb1b73c4f0bda4f67dca266ce6ef42f520fbb98,0x7071f121c038a98f8a7d485648a27fcd48891ba8,0,0,call,0x,29.39801597,None
4191728,1503439010,0x684c5a5c149472558640c8d6d737af6ac026cfa16ecc1f2996cf45e373df445f,0xfbb1b73c4f0bda4f67dca266ce6ef42f520fbb98,0x7071f121c038a98f8a7d485648a27fcd48891ba8,0,0,call,0x,28.54614219,None
4192027,1503445561,0x9ea33875621d45572cbe06b9d5309e0f8d5234bb5674544b1bfe5dd80a9aecdd,0xfbb1b73c4f0bda4f67dca266ce6ef42f520fbb98,0x7071f121c038a98f8a7d485648a27fcd48891ba8,0,0,call,0x,29.684724,None
4193125,1503467731,0xa272cc3e81095fb55fcfe13ea675d0340452354ae816b603a38ea5bd2fd354b4,0xfbb1b73c4f0bda4f67dca266ce6ef42f520fbb98,0x7071f121c038a98f8a7d485648a27fcd48891ba8,0,0,call,0x,24.2062264,None
4193524,1503475901,0xcf66115a2f0e3a53a76a2ba570f6083f8755fb7f1cfabeb346603ab9fac888b0,0xfbb1b73c4f0bda4f67dca266ce6ef42f520fbb98,0x7071f121c038a98f8a7d485648a27fcd48891ba8,0,0,call,0x,28.56591321,None
4193706,1503479516,0x07d11216f20fea83b8dd103d9b03d35c9f89ccf8137a93abcb4de7b701e42f99,0xfbb1b73c4f0bda4f67dca266ce6ef42f520fbb98,0x7071f121c038a98f8a7d485648a27fcd48891ba8,0,0,call,0x,30.99004311,None
4194107,1503488021,0x55641692591c6a0ddc1dd612575c697da52b94fd04d365ce48271b3c60ac4fd3,0xfbb1b73c4f0bda4f67dca266ce6ef42f520fbb98,0x7071f121c038a98f8a7d485648a27fcd48891ba8,0,0,call,0x,32.81909222,None
4194300,1503492276,0x2ee416e9543d658f9b875df03657d0452fc14b0189a845b827c7b50ec730112c,0xfbb1b73c4f0bda4f67dca266ce6ef42f520fbb98,0x7071f121c038a98f8a7d485648a27fcd48891ba8,0,0,call,0x,26.63963902,None
4194482,1503495950,0xb405f3a7169bfe79f3fb7caedc16f03881fe535e01569d1f2bb2df5dc764ca31,0xfbb1b73c4f0bda4f67dca266ce6ef42f520fbb98,0x7071f121c038a98f8a7d485648a27fcd48891ba8,0,0,call,0x,32.19672796,None
4196813,1503543402,0x4255513cd159dca2ccf32729eb9ff828cc1b7e90030683ecea57b1b4d3406d5c,0xfbb1b73c4f0bda4f67dca266ce6ef42f520fbb98,0x7071f121c038a98f8a7d485648a27fcd48891ba8,0,0,call,0x,25.076189820000003,None
4197506,1503558210,0x542c99a6842dd49adbc0f6edb6ce8e6d646aa5fcfa089dea41174cc8af3f5cb6,0xfbb1b73c4f0bda4f67dca266ce6ef42f520fbb98,0x7071f121c038a98f8a7d485648a27fcd48891ba8,0,0,call,0x,36.80697707,None
4197627,1503560798,0x3d21b77bbb44489f5ee5638bd3087f25b051a175e3c3f273c28d18b489ec0802,0xfbb1b73c4f0bda4f67dca266ce6ef42f520fbb98,0x7071f121c038a98f8a7d485648a27fcd48891ba8,0,0,call,0x,35.30059828,None
4198658,1503581853,0x0d454a01ddf4c521ae309e0ff95695e98e26fcbbdb0c8165b68a278e8fa5cfbd,0xfbb1b73c4f0bda4f67dca266ce6ef42f520fbb98,0x7071f121c038a98f8a7d485648a27fcd48891ba8,0,0,call,0x,31.80417087,None
4198918,1503586904,0xc658de4331a6e949071c0d3d6749cdb8969164cfc4829c5208198f8c4d198e65,0xfbb1b73c4f0bda4f67dca266ce6ef42f520fbb98,0x7071f121c038a98f8a7d485648a27fcd48891ba8,0,0,call,0x,29.43829096,None
4199120,1503591176,0xd069fbf80066e39c32d2a1a46827b6701f228139f50c74681ffac739da5520b2,0xfbb1b73c4f0bda4f67dca266ce6ef42f520fbb98,0x7071f121c038a98f8a7d485648a27fcd48891ba8,0,0,call,0x,28.68634895,None
4199408,1503597413,0xb8ee2dfe7b779e12313ae53a87c6b520bc12cc3c13d100a8ace9d79b246dd360,0xfbb1b73c4f0bda4f67dca266ce6ef42f520fbb98,0x7071f121c038a98f8a7d485648a27fcd48891ba8,0,0,call,0x,30.54197702,None
4199495,1503599004,0x5b545ea4485cb1ed73f972d6afd5ce62269e48a927cac2fad768b07ea56ed35b,0xfbb1b73c4f0bda4f67dca266ce6ef42f520fbb98,0x7071f121c038a98f8a7d485648a27fcd48891ba8,0,0,call,0x,23.29487149,None
4199702,1503603238,0xf8f79428d33bce33b1b82753617a155d3bb725013613240ba1557f3ca52c463f,0xfbb1b73c4f0bda4f67dca266ce6ef42f520fbb98,0x7071f121c038a98f8a7d485648a27fcd48891ba8,0,0,call,0x,33.38789593,None
4199751,1503603962,0x1c9263fee499c7e14b38ba480137d347b98045fcf34c16f124c197aa0cdc452f,0xfbb1b73c4f0bda4f67dca266ce6ef42f520fbb98,0x7071f121c038a98f8a7d485648a27fcd48891ba8,0,0,call,0x,24.20260615,None
4200242,1503614099,0xbe8c02eef872b7a89bb593078f138f231156e5a4fe8bbf39d63bae826c58abef,0xfbb1b73c4f0bda4f67dca266ce6ef42f520fbb98,0x7071f121c038a98f8a7d485648a27fcd48891ba8,0,0,call,0x,25.44915307,None
4200768,1503626228,0x1553f59e112a311487582475128b07701e8d53dc6dc1096017d17ab46c22846d,0xfbb1b73c4f0bda4f67dca266ce6ef42f520fbb98,0x7071f121c038a98f8a7d485648a27fcd48891ba8,0,0,call,0x,23.08581277,None
4201417,1503642226,0xec278924524a1dbc5a1f6e2341c1828c8470c112fa5504ae77ef9edb6af78e2c,0xfbb1b73c4f0bda4f67dca266ce6ef42f520fbb98,0x7071f121c038a98f8a7d485648a27fcd48891ba8,0,0,call,0x,24.55170815,None
4201643,1503647161,0x0df8044a96885d0e3561aff8fb0a4963a22b97c90090d542fdabea8d336d8c3a,0xfbb1b73c4f0bda4f67dca266ce6ef42f520fbb98,0x7071f121c038a98f8a7d485648a27fcd48891ba8,0,0,call,0x,39.3827128,None
4201767,1503650113,0x97dd6821a3ae2ed73e0004dcb7c9d72038ada032d4046e123d03f4442f16d134,0xfbb1b73c4f0bda4f67dca266ce6ef42f520fbb98,0x7071f121c038a98f8a7d485648a27fcd48891ba8,0,0,call,0x,76.68260993999998,None
4201837,1503651787,0x17f2480d98b12fbfea52834f3b4ae1b8603c6d0202c7adebbc9eb0394856200a,0xfbb1b73c4f0bda4f67dca266ce6ef42f520fbb98,0x7071f121c038a98f8a7d485648a27fcd48891ba8,0,0,call,0x,29.00825971,None
4201880,1503653043,0xc4aac03ba64208c3caa5e750cba69dba34c82b610d1f773f5612fb722eff8c36,0xfbb1b73c4f0bda4f67dca266ce6ef42f520fbb98,0x7071f121c038a98f8a7d485648a27fcd48891ba8,0,0,call,0x,23.72813708,None
4202131,1503658886,0x97bb1c0593266ec84e29c0481e6ccfda6717eb697e93cf3ca4498abb7f0613e4,0xfbb1b73c4f0bda4f67dca266ce6ef42f520fbb98,0x7071f121c038a98f8a7d485648a27fcd48891ba8,0,0,call,0x,26.05673374,None
4202312,1503663152,0xa342b5a00765bb115a5e7b11e86ccd24f67599720bd092319da4466546f1a77e,0xfbb1b73c4f0bda4f67dca266ce6ef42f520fbb98,0x7071f121c038a98f8a7d485648a27fcd48891ba8,0,0,call,0x,36.50997901,None
4202422,1503665948,0xddc89ea134ced3bc2d5a4b745f80752922797dd6151d1dda80b06b21b5a18932,0xfbb1b73c4f0bda4f67dca266ce6ef42f520fbb98,0x7071f121c038a98f8a7d485648a27fcd48891ba8,0,0,call,0x,24.61067449,None
4202496,1503668026,0x1021af991d1715d305fdf4097af86cd8aa0dfc7b79d85d92694196450cada2c4,0xfbb1b73c4f0bda4f67dca266ce6ef42f520fbb98,0x7071f121c038a98f8a7d485648a27fcd48891ba8,0,0,call,0x,52.53815235,None
4202820,1503675904,0x079733ef8757e567ab68a0999ab46f07a8711604df7da9255330e8d96d81e94a,0xfbb1b73c4f0bda4f67dca266ce6ef42f520fbb98,0x7071f121c038a98f8a7d485648a27fcd48891ba8,0,0,call,0x,55.26793116,None
4202959,1503679593,0x933a7a6638b8a07df25e864ce04f1e1705ce4a7c43fce9b1a9870f9166b11faf,0xfbb1b73c4f0bda4f67dca266ce6ef42f520fbb98,0x7071f121c038a98f8a7d485648a27fcd48891ba8,0,0,call,0x,42.67203059,None
4205435,1503740076,0x5195725e76af95e3f472ae6eb86bc95a039f6e36ccf21ef47e0aa0e47c4f850c,0xfbb1b73c4f0bda4f67dca266ce6ef42f520fbb98,0x7071f121c038a98f8a7d485648a27fcd48891ba8,0,0,call,0x,24.82601194,None
4205461,1503740725,0xe82ee8c522f4d32d1c49de75bb2a9d43f83e3abd51f88c8171b4eca68f5564b9,0xfbb1b73c4f0bda4f67dca266ce6ef42f520fbb98,0x7071f121c038a98f8a7d485648a27fcd48891ba8,0,0,call,0x,29.88011044,None
4205617,1503744376,0xe4ec361a0492c469dbf76f662278f6d044b0c753820741fc52f6e604850d472a,0xfbb1b73c4f0bda4f67dca266ce6ef42f520fbb98,0x7071f121c038a98f8a7d485648a27fcd48891ba8,0,0,call,0x,28.87924774,None
4205750,1503747218,0x810950f86f8aeb71d5ee90b1e0ebe9412b721b273b890dec9d78c9fca979d645,0xfbb1b73c4f0bda4f67dca266ce6ef42f520fbb98,0x7071f121c038a98f8a7d485648a27fcd48891ba8,0,0,call,0x,39.17634841,None
4206051,1503754474,0xadc8f2f68b106f7a1a5fae1f4a2742f5059993561417efb1dc47a3133b7459b0,0xfbb1b73c4f0bda4f67dca266ce6ef42f520fbb98,0x7071f121c038a98f8a7d485648a27fcd48891ba8,0,0,call,0x,43.7578313,None
4206150,1503757446,0xe1051bd34259782e4b0c1f34f1abdd6e88041f264d113ceeab0c9719e238e51f,0xfbb1b73c4f0bda4f67dca266ce6ef42f520fbb98,0x7071f121c038a98f8a7d485648a27fcd48891ba8,0,0,call,0x,53.79466533,None
4206273,1503761055,0x5dfe641fb45f2ba0e6b9ecbef059e62d2cb12c565ba20e238d2906affa5d64c3,0xfbb1b73c4f0bda4f67dca266ce6ef42f520fbb98,0x7071f121c038a98f8a7d485648a27fcd48891ba8,0,0,call,0x,37.96095808,None
4206478,1503766066,0xa9610145bea4dd47012ef7bd18ff732164b76f07e57afed9ef1b58003dc17265,0xfbb1b73c4f0bda4f67dca266ce6ef42f520fbb98,0x7071f121c038a98f8a7d485648a27fcd48891ba8,0,0,call,0x,24.03548848,None
4208490,1503815673,0xdc78f69d59c50bccd2244c2a1dd6c207152e2e75c63f801e7172a9b9e0dfade1,0xfbb1b73c4f0bda4f67dca266ce6ef42f520fbb98,0x7071f121c038a98f8a7d485648a27fcd48891ba8,0,0,call,0x,30.60529888,None
4208771,1503822904,0x6a91b27bf98dcf81cffd234009e8671588d46ef774075193339117b135fd12e2,0xfbb1b73c4f0bda4f67dca266ce6ef42f520fbb98,0x7071f121c038a98f8a7d485648a27fcd48891ba8,0,0,call,0x,23.50382114,None
4209025,1503828726,0x1e9832467446cc6e1ca2ba2782ee6ca75adb86ee062a18833af65021d24e71bd,0xfbb1b73c4f0bda4f67dca266ce6ef42f520fbb98,0x7071f121c038a98f8a7d485648a27fcd48891ba8,0,0,call,0x,34.527634750000004,None
4209366,1503837271,0xb185094cf25b6aef1ca4ba8a1c568fdff630dfa876fe7ab971be69a25da54f6a,0xfbb1b73c4f0bda4f67dca266ce6ef42f520fbb98,0x7071f121c038a98f8a7d485648a27fcd48891ba8,0,0,call,0x,44.71150169,None
4209439,1503838917,0x3ab631f4056048187dc29528b3d731084630e486498199f122e2f244bbcaae7f,0xfbb1b73c4f0bda4f67dca266ce6ef42f520fbb98,0x7071f121c038a98f8a7d485648a27fcd48891ba8,0,0,call,0x,24.65622467,None
4209609,1503843101,0xa0d1df97b86fdd78fc9815b17b87a4debeeb2a41032ab135b6e23b8e6e26906a,0xfbb1b73c4f0bda4f67dca266ce6ef42f520fbb98,0x7071f121c038a98f8a7d485648a27fcd48891ba8,0,0,call,0x,38.09562694,None
4209828,1503848744,0xcf8da24e0e7e269a4762ae65d484ec419c02d9d0cd415e37133045e107f138fd,0xfbb1b73c4f0bda4f67dca266ce6ef42f520fbb98,0x7071f121c038a98f8a7d485648a27fcd48891ba8,0,0,call,0x,23.33509779000001,None
4209999,1503852989,0x2aa112c65f6e7e3e36131c640bc3b7fb12175bd288b86ee9027ff074f909f184,0xfbb1b73c4f0bda4f67dca266ce6ef42f520fbb98,0x7071f121c038a98f8a7d485648a27fcd48891ba8,0,0,call,0x,26.2796917,None
4210213,1503858176,0x20e0d368713e2a8656b4a51f2743b3f6ec870018bbcf98a0c88d9656afe13619,0xfbb1b73c4f0bda4f67dca266ce6ef42f520fbb98,0x7071f121c038a98f8a7d485648a27fcd48891ba8,0,0,call,0x,23.09022035000001,None
4210301,1503860250,0x56ab67a186209938820b91eb85ea60c7fe65b34c3cef63eb220eb475397a1499,0xfbb1b73c4f0bda4f67dca266ce6ef42f520fbb98,0x7071f121c038a98f8a7d485648a27fcd48891ba8,0,0,call,0x,24.17043547,None
4210499,1503865359,0xfe7575d4e409c9f4d37645cb7e02923b1e8fbe7598de492e1fef993307159222,0xfbb1b73c4f0bda4f67dca266ce6ef42f520fbb98,0x7071f121c038a98f8a7d485648a27fcd48891ba8,0,0,call,0x,43.56108647,None
4210793,1503872633,0xaa180cccc830b4dfe244c283e30720e92eb93a845008fcb33bcc14d82a63a7e1,0xfbb1b73c4f0bda4f67dca266ce6ef42f520fbb98,0x7071f121c038a98f8a7d485648a27fcd48891ba8,0,0,call,0x,31.28542718000001,None
4211005,1503877596,0xc41e51ab4eec3690a1e84f1688266821997d378c77c213b955884256de42c9dc,0xfbb1b73c4f0bda4f67dca266ce6ef42f520fbb98,0x7071f121c038a98f8a7d485648a27fcd48891ba8,0,0,call,0x,34.88406499,None
4211154,1503881177,0x9415669bf82ad30ef14fb35da8e3bd9f41b4e4b646fa7de639a1ded21b14c2c8,0xfbb1b73c4f0bda4f67dca266ce6ef42f520fbb98,0x7071f121c038a98f8a7d485648a27fcd48891ba8,0,0,call,0x,27.85493748,None
4212829,1503923677,0x27f903f636304205788d3f275f472a6ecec490e1fe236c4e09fe9d098df50eb2,0xfbb1b73c4f0bda4f67dca266ce6ef42f520fbb98,0x7071f121c038a98f8a7d485648a27fcd48891ba8,0,0,call,0x,88.89809164,None
4212909,1503926102,0x349b3fd49db2d0cf8be714a3d860851c3e7352dbef2cd3623f81dd779cf0c9e7,0xfbb1b73c4f0bda4f67dca266ce6ef42f520fbb98,0x7071f121c038a98f8a7d485648a27fcd48891ba8,0,0,call,0x,58.85686829,None
4212991,1503928082,0x046cfc098fd3134a5d5f6140644a6a98d4353b7870c828ec9633114c3fd61783,0xfbb1b73c4f0bda4f67dca266ce6ef42f520fbb98,0x7071f121c038a98f8a7d485648a27fcd48891ba8,0,0,call,0x,32.0736594,None
4213065,1503929691,0xb36ded54805e96caf461628b68e4803ff8e292fba1bf0f9f05fc0b9cc5bfd5b9,0xfbb1b73c4f0bda4f67dca266ce6ef42f520fbb98,0x7071f121c038a98f8a7d485648a27fcd48891ba8,0,0,call,0x,24.27529772,None
4213174,1503932235,0xa06c30a3c6bbbb97de4f49baee3735e2735ec9546ae392bcca2a226e4bbfcda1,0xfbb1b73c4f0bda4f67dca266ce6ef42f520fbb98,0x7071f121c038a98f8a7d485648a27fcd48891ba8,0,0,call,0x,28.15970497,None
4213342,1503936820,0xc836161f38d01c107b913270d0a4420bde2912df58f97208b172d0c9bf6722f9,0xfbb1b73c4f0bda4f67dca266ce6ef42f520fbb98,0x7071f121c038a98f8a7d485648a27fcd48891ba8,0,0,call,0x,23.62747929,None
4213422,1503938815,0xf1efa20294a4df1ab9aa1cad4380e9d96447b3825897b238345e038c12ebb292,0xfbb1b73c4f0bda4f67dca266ce6ef42f520fbb98,0x7071f121c038a98f8a7d485648a27fcd48891ba8,0,0,call,0x,31.666514799999998,None
4213575,1503942299,0x3ee4107bbd75e07890e3b74fd3b0a380443ca810c620fc1e3ac787a9de09b668,0xfbb1b73c4f0bda4f67dca266ce6ef42f520fbb98,0x7071f121c038a98f8a7d485648a27fcd48891ba8,0,0,call,0x,24.71647605,None
4213793,1503947626,0xde5c334d4e9d461235178edc5774eac84ce85a4c42cedf7976877f91ec1f485f,0xfbb1b73c4f0bda4f67dca266ce6ef42f520fbb98,0x7071f121c038a98f8a7d485648a27fcd48891ba8,0,0,call,0x,26.47674205,None
4214156,1503956797,0xd9cc374c99d60fe2468f896ee835893ee640a352b75089d4c52e11017fdae189,0xfbb1b73c4f0bda4f67dca266ce6ef42f520fbb98,0x7071f121c038a98f8a7d485648a27fcd48891ba8,0,0,call,0x,33.33786545,None
4214332,1503960927,0x43d08c0212038fbf7c405830386312d93e038a3c8affa14e852a7a6bb6519305,0xfbb1b73c4f0bda4f67dca266ce6ef42f520fbb98,0x7071f121c038a98f8a7d485648a27fcd48891ba8,0,0,call,0x,29.80069145,None
4214687,1503969201,0x6a1d23a6389d96edba4e5c94d4817eeae4e1148240bcb11a3136f48cdbf35bea,0xfbb1b73c4f0bda4f67dca266ce6ef42f520fbb98,0x7071f121c038a98f8a7d485648a27fcd48891ba8,0,0,call,0x,27.73783473,None
4215189,1503982176,0xf151684bb214f49c02d65af5c2fba253ca42b630ea27c0d7163fd23fb5f5bd86,0xfbb1b73c4f0bda4f67dca266ce6ef42f520fbb98,0x7071f121c038a98f8a7d485648a27fcd48891ba8,0,0,call,0x,71.494424,None
4215509,1503990397,0x1553b928c516886e44972ec2d597da4211c844a9f9fbb07261bd28ae05e24f00,0xfbb1b73c4f0bda4f67dca266ce6ef42f520fbb98,0x7071f121c038a98f8a7d485648a27fcd48891ba8,0,0,call,0x,39.38429422,None
4215649,1503993410,0xb7eef68b152cdca34a0ad14f094081aea9c2be5abf1e4d86e3fea0d285aba563,0xfbb1b73c4f0bda4f67dca266ce6ef42f520fbb98,0x7071f121c038a98f8a7d485648a27fcd48891ba8,0,0,call,0x,23.54752298,None
4215662,1503993668,0x0606bd2ca04cddee34843ab6b3b9e0d2c13b0e693e74f4d60b09067369da44ec,0xfbb1b73c4f0bda4f67dca266ce6ef42f520fbb98,0x7071f121c038a98f8a7d485648a27fcd48891ba8,0,0,call,0x,52.60957748,None
4216359,1504010048,0x4a9d7947a9334653eba6244caf4ea67d1743850cbb0372c4c3e9a164c08ff936,0xfbb1b73c4f0bda4f67dca266ce6ef42f520fbb98,0x7071f121c038a98f8a7d485648a27fcd48891ba8,0,0,call,0x,32.482124830000004,None
4216446,1504012354,0xc74b39964169b9db4a8b1930a95ba3d3db7a736398475e19188f42b40f0bcabe,0xfbb1b73c4f0bda4f67dca266ce6ef42f520fbb98,0x7071f121c038a98f8a7d485648a27fcd48891ba8,0,0,call,0x,31.15643697,None
4216577,1504015269,0x56ddd0503ca0829ed8fc43d38d073a197b784c933e41118de549095a2d344d90,0xfbb1b73c4f0bda4f67dca266ce6ef42f520fbb98,0x7071f121c038a98f8a7d485648a27fcd48891ba8,0,0,call,0x,37.46035826,None
4216723,1504019072,0x55d1887cbdd0972cd9fd5d200400c22b4d0ce91bda156052d86f067d6048a590,0xfbb1b73c4f0bda4f67dca266ce6ef42f520fbb98,0x7071f121c038a98f8a7d485648a27fcd48891ba8,0,0,call,0x,33.04886387,None
4216768,1504020313,0xc1fc9cd1fc44f059f4af88d9d7e0f258bce3e762d3e7f4ddeae2cef4768c22ef,0xfbb1b73c4f0bda4f67dca266ce6ef42f520fbb98,0x7071f121c038a98f8a7d485648a27fcd48891ba8,0,0,call,0x,24.80441212,None
4216846,1504022190,0xef8454b93c6a3a01e4aff75d10761ae9ea9e1a52bc19cd8f14321e0bc74ab59f,0xfbb1b73c4f0bda4f67dca266ce6ef42f520fbb98,0x7071f121c038a98f8a7d485648a27fcd48891ba8,0,0,call,0x,61.05060685,None
4216914,1504023952,0x63bcd3142fd9164fd59fd2ed29f9877eaea7a22ec19238d7de51de8242dccff0,0xfbb1b73c4f0bda4f67dca266ce6ef42f520fbb98,0x7071f121c038a98f8a7d485648a27fcd48891ba8,0,0,call,0x,54.387490299999996,None
4217086,1504027847,0x40dc08a7ee6bfd6149a759f24abcc5fcf835cac5bb3ffb68faf7b173d68b1a77,0xfbb1b73c4f0bda4f67dca266ce6ef42f520fbb98,0x7071f121c038a98f8a7d485648a27fcd48891ba8,0,0,call,0x,39.46490537,None
4217124,1504028730,0xb26f1253920aaf006861d3c2cd6f3754face4b4f99a3d1df7a4c890607c4ec32,0xfbb1b73c4f0bda4f67dca266ce6ef42f520fbb98,0x7071f121c038a98f8a7d485648a27fcd48891ba8,0,0,call,0x,28.29762314,None
4217223,1504031357,0xf74d7a6d50ea64a4956844ae56420728c84b7e9f569c3d3140df8c31c42006ef,0xfbb1b73c4f0bda4f67dca266ce6ef42f520fbb98,0x7071f121c038a98f8a7d485648a27fcd48891ba8,0,0,call,0x,28.14230928,None
4217351,1504034649,0xf5489c5bfa304838b95f50842e4435cb23685e269ca37092bc956c7a0c1c7ef5,0xfbb1b73c4f0bda4f67dca266ce6ef42f520fbb98,0x7071f121c038a98f8a7d485648a27fcd48891ba8,0,0,call,0x,28.099535200000002,None
4217399,1504035895,0x9551f714f41c17291c414db6af421e13406898c4ded265385d97dd8684fc6720,0xfbb1b73c4f0bda4f67dca266ce6ef42f520fbb98,0x7071f121c038a98f8a7d485648a27fcd48891ba8,0,0,call,0x,33.282483,None
4217512,1504039012,0x1d58283a5aaaf09a0a3f183e52fce01d4b5247beea0af1850901a47a8915476c,0xfbb1b73c4f0bda4f67dca266ce6ef42f520fbb98,0x7071f121c038a98f8a7d485648a27fcd48891ba8,0,0,call,0x,40.14436625,None
4217670,1504042710,0x145862cdee900d2877e1e7951a9dc51e84b01e3cbeb838b1e3f173702008df02,0xfbb1b73c4f0bda4f67dca266ce6ef42f520fbb98,0x7071f121c038a98f8a7d485648a27fcd48891ba8,0,0,call,0x,53.31275075999999,None
4217754,1504044586,0xa9a3faa34ed3eadeab19915c7444fdedac035857c2b47c85efc68117dbadbc9b,0xfbb1b73c4f0bda4f67dca266ce6ef42f520fbb98,0x7071f121c038a98f8a7d485648a27fcd48891ba8,0,0,call,0x,49.65680806,None
4218120,1504053316,0x0338325550fffe6346540bfca942688c680d8a08eacfa75108bdd8d32414be49,0xfbb1b73c4f0bda4f67dca266ce6ef42f520fbb98,0x7071f121c038a98f8a7d485648a27fcd48891ba8,0,0,call,0x,26.33772519,None
4218706,1504067714,0xce269384aac4ebcfd9d660f19df4fcea5b5f414bf8eabef842a09779c39c9891,0xfbb1b73c4f0bda4f67dca266ce6ef42f520fbb98,0x7071f121c038a98f8a7d485648a27fcd48891ba8,0,0,call,0x,49.0692185,None
4218881,1504071865,0x24b28e6a5d5e7a3e993e4567afb455d1e11f2e7cb134b57de237dd2aa36474de,0xfbb1b73c4f0bda4f67dca266ce6ef42f520fbb98,0x7071f121c038a98f8a7d485648a27fcd48891ba8,0,0,call,0x,23.77343953,None
4218984,1504074323,0x9627b2c7f5394c637bc4b99e13d09b2d61f60963d30366fca36fa063e3a36cb5,0xfbb1b73c4f0bda4f67dca266ce6ef42f520fbb98,0x7071f121c038a98f8a7d485648a27fcd48891ba8,0,0,call,0x,36.45800843,None
4219118,1504077926,0x9c303512d0c4cc0a2eae5ffd4dea2cbf5de1001e86dfa7d9270b7aa49474a774,0xfbb1b73c4f0bda4f67dca266ce6ef42f520fbb98,0x7071f121c038a98f8a7d485648a27fcd48891ba8,0,0,call,0x,42.89116209,None
4219435,1504085735,0xba240ffd90ef269a40e9bb1ab7bd1f22598e0ce30dd28c3eff101b82e23c4d41,0xfbb1b73c4f0bda4f67dca266ce6ef42f520fbb98,0x7071f121c038a98f8a7d485648a27fcd48891ba8,0,0,call,0x,26.24015365,None
4219474,1504086920,0xff900bf3d370ed613b03951f19246ca9e478190e99d9af6b2bea4a30da80909b,0xfbb1b73c4f0bda4f67dca266ce6ef42f520fbb98,0x7071f121c038a98f8a7d485648a27fcd48891ba8,0,0,call,0x,23.95661271,None
4219737,1504093644,0x8532abc54504a79f0b87e965856fd3c061ef81e287747192efc17bb75bb987c2,0xfbb1b73c4f0bda4f67dca266ce6ef42f520fbb98,0x7071f121c038a98f8a7d485648a27fcd48891ba8,0,0,call,0x,39.51835934,None
4219784,1504094524,0xee37a8d854bb182f6d3323fa59f7664b1742b5f5efe5da0452503786e293a0b7,0xfbb1b73c4f0bda4f67dca266ce6ef42f520fbb98,0x7071f121c038a98f8a7d485648a27fcd48891ba8,0,0,call,0x,23.23765198000001,None
4219895,1504097204,0x359ac9d616baa969686782388756a309a5e0ab2a8f2370948ad5c7adee719235,0xfbb1b73c4f0bda4f67dca266ce6ef42f520fbb98,0x7071f121c038a98f8a7d485648a27fcd48891ba8,0,0,call,0x,48.23994445,None
4219998,1504100232,0x0181e3618f7582a10928ac5ec5880a6cacd50e0650135deca85c7ebbf170e991,0xfbb1b73c4f0bda4f67dca266ce6ef42f520fbb98,0x7071f121c038a98f8a7d485648a27fcd48891ba8,0,0,call,0x,55.84153609,None
4220177,1504104379,0x9af8ec067589abeb31cf1288a4f4a4e592e8ea27ce40a893b38bea6082109bf0,0xfbb1b73c4f0bda4f67dca266ce6ef42f520fbb98,0x7071f121c038a98f8a7d485648a27fcd48891ba8,0,0,call,0x,31.94213238,None
4220318,1504108007,0x5009796a1a794e34a1b51417e3d5fcfc64e71d4e076e041f2cccbd305ce1a60f,0xfbb1b73c4f0bda4f67dca266ce6ef42f520fbb98,0x7071f121c038a98f8a7d485648a27fcd48891ba8,0,0,call,0x,25.74576967,None
4220456,1504111506,0x447c7042146660501439a9bcfe84758e84665112219b3f2a906da2ef5bf7d532,0xfbb1b73c4f0bda4f67dca266ce6ef42f520fbb98,0x7071f121c038a98f8a7d485648a27fcd48891ba8,0,0,call,0x,39.926512100000004,None
4220501,1504112500,0x73246d9c13338d338f9481350b0955a938017bbc71f0c415330bf56f0bc07345,0xfbb1b73c4f0bda4f67dca266ce6ef42f520fbb98,0x7071f121c038a98f8a7d485648a27fcd48891ba8,0,0,call,0x,25.02232899,None
4220669,1504116215,0xb09b065529051ff4ee08705c4fe076c0ce95e632bfe66bc93aca40848f75be77,0xfbb1b73c4f0bda4f67dca266ce6ef42f520fbb98,0x7071f121c038a98f8a7d485648a27fcd48891ba8,0,0,call,0x,29.51889333,None
4220757,1504118103,0xf2d6dd8811f374b754538e4219fde4981dc26305e9a2f697e0046553ebe66f39,0xfbb1b73c4f0bda4f67dca266ce6ef42f520fbb98,0x7071f121c038a98f8a7d485648a27fcd48891ba8,0,0,call,0x,24.98164143,None
4220838,1504120376,0x79d0a8f7275b003241719a71b91d9d6b387e5204e656139eb246399f07efb5ea,0xfbb1b73c4f0bda4f67dca266ce6ef42f520fbb98,0x7071f121c038a98f8a7d485648a27fcd48891ba8,0,0,call,0x,28.44253927,None
4220929,1504122424,0xc79f5fdf71e258290ac51cb517d770fe22b9d9373efd247b301a8f24dba695f2,0xfbb1b73c4f0bda4f67dca266ce6ef42f520fbb98,0x7071f121c038a98f8a7d485648a27fcd48891ba8,0,0,call,0x,41.89306128,None
4220982,1504123935,0x4be07d5637de26ae9697d3e1cc616317bad6f67e120792db3d35ab329850e68a,0xfbb1b73c4f0bda4f67dca266ce6ef42f520fbb98,0x7071f121c038a98f8a7d485648a27fcd48891ba8,0,0,call,0x,23.89564015,None
4221031,1504125298,0xc280e1ef5dae35cbb06fec927c036f1d77f02dee95593e711381adb72d62548d,0xfbb1b73c4f0bda4f67dca266ce6ef42f520fbb98,0x7071f121c038a98f8a7d485648a27fcd48891ba8,0,0,call,0x,26.48460449,None
4221115,1504127587,0xd53c218d971614c3e254dc8fcca3fb688e4d6bf790c0ba48b2184c7f8822135a,0xfbb1b73c4f0bda4f67dca266ce6ef42f520fbb98,0x7071f121c038a98f8a7d485648a27fcd48891ba8,0,0,call,0x,26.02833154,None
4221137,1504128201,0x03df42c0396dbddcde32b7369d85d242bb554cc77dac3a24fae8087a8eb0e0d7,0xfbb1b73c4f0bda4f67dca266ce6ef42f520fbb98,0x7071f121c038a98f8a7d485648a27fcd48891ba8,0,0,call,0x,23.31465896,None
4221325,1504132475,0xb42ca611a7681e7bafdf80b7ddb8086e03853278d319e3fdbcd251735afc6ea8,0xfbb1b73c4f0bda4f67dca266ce6ef42f520fbb98,0x7071f121c038a98f8a7d485648a27fcd48891ba8,0,0,call,0x,29.84125659,None
4221493,1504136065,0x602055882ffbd0d27593aee994ac45e871352556c0a212099c2cba790e9a65ec,0xfbb1b73c4f0bda4f67dca266ce6ef42f520fbb98,0x7071f121c038a98f8a7d485648a27fcd48891ba8,0,0,call,0x,23.59024759,None
4221526,1504136683,0x86ab80f904c48bcc01d15e60f9f0e22123522d38bfbaecdebdd303f4acc0f27c,0xfbb1b73c4f0bda4f67dca266ce6ef42f520fbb98,0x7071f121c038a98f8a7d485648a27fcd48891ba8,0,0,call,0x,29.15840668,None
4222970,1504172100,0xa18068f8473f67ca8af57ae1b45fbc287e137b2a621983b0fb852a2fe5e3fb31,0xfbb1b73c4f0bda4f67dca266ce6ef42f520fbb98,0x7071f121c038a98f8a7d485648a27fcd48891ba8,0,0,call,0x,27.28256605,None
4223102,1504175692,0xedf9c6ff810f53d10e8d29f73dbee6e88436c266074afac41563b6d4a05be58d,0xfbb1b73c4f0bda4f67dca266ce6ef42f520fbb98,0x7071f121c038a98f8a7d485648a27fcd48891ba8,0,0,call,0x,29.80521209,None
4223585,1504187824,0xc70125d9acca7827cb6437c27669b557160de93e8f7b9dcd0e9c6bb5bcfc7af7,0xfbb1b73c4f0bda4f67dca266ce6ef42f520fbb98,0x7071f121c038a98f8a7d485648a27fcd48891ba8,0,0,call,0x,24.92363143,None
4223734,1504191400,0x8bb7c9b4ccdcc5bb6e8f91feef5769e5645a0ebfd22d497aa27a3f55551d561d,0xfbb1b73c4f0bda4f67dca266ce6ef42f520fbb98,0x7071f121c038a98f8a7d485648a27fcd48891ba8,0,0,call,0x,37.46656292,None
4223835,1504194369,0xb62afea5cdb78fcd7177192619e5b2843b81853ef95c752bd3d7c602bf3cca19,0xfbb1b73c4f0bda4f67dca266ce6ef42f520fbb98,0x7071f121c038a98f8a7d485648a27fcd48891ba8,0,0,call,0x,43.32552242,None
4223920,1504196608,0x10ff826f5ae56fbf7d84f445fd3ec9649f3239a4af6887f1f04f27159b12e3a4,0xfbb1b73c4f0bda4f67dca266ce6ef42f520fbb98,0x7071f121c038a98f8a7d485648a27fcd48891ba8,0,0,call,0x,23.33161461,None
4223978,1504198286,0x8a34f10441f41b0b2155f73bd5b3014c06963e19603e2fdf8b91723ed30b998d,0xfbb1b73c4f0bda4f67dca266ce6ef42f520fbb98,0x7071f121c038a98f8a7d485648a27fcd48891ba8,0,0,call,0x,33.61128036,None
4224121,1504201508,0x8dabfda58290ac7e7832e772629ae80e1e43ee728743b4c6d48870e25a10275a,0xfbb1b73c4f0bda4f67dca266ce6ef42f520fbb98,0x7071f121c038a98f8a7d485648a27fcd48891ba8,0,0,call,0x,35.95383204,None
4224218,1504203992,0xc1ec4ae17c59a67fc0ee813bd2e79487e26e6da62f3edb38389c59c345954b15,0xfbb1b73c4f0bda4f67dca266ce6ef42f520fbb98,0x7071f121c038a98f8a7d485648a27fcd48891ba8,0,0,call,0x,24.49928051,None
4224292,1504205778,0x2ff251e13db3b1149e2965a55f9ba74a071bb4dde34232cbe61d2b08ade206af,0xfbb1b73c4f0bda4f67dca266ce6ef42f520fbb98,0x7071f121c038a98f8a7d485648a27fcd48891ba8,0,0,call,0x,34.59301376,None
4224420,1504208678,0x0cb0fdf293973f5cacd43a41c476e9dc0bdc4bc792dbbf4a5c947f9812973985,0xfbb1b73c4f0bda4f67dca266ce6ef42f520fbb98,0x7071f121c038a98f8a7d485648a27fcd48891ba8,0,0,call,0x,74.91556049,None
4224460,1504209807,0x2021160b0ff1ce0650fb4667dafc76a0e13f903f8b900c733db354be7aa0f94b,0xfbb1b73c4f0bda4f67dca266ce6ef42f520fbb98,0x7071f121c038a98f8a7d485648a27fcd48891ba8,0,0,call,0x,36.32950475,None
4224587,1504213242,0x6b28d7151a865b5e8d450de5c37f216b5ce41bb8acc1bb3ddc262da2d1fb0cbe,0xfbb1b73c4f0bda4f67dca266ce6ef42f520fbb98,0x7071f121c038a98f8a7d485648a27fcd48891ba8,0,0,call,0x,31.55744348,None
4224675,1504215442,0xbe935122e96810bab9b1a3d13ba89a6d9c49cebaf41c1478e89e3ab86c56ed9b,0xfbb1b73c4f0bda4f67dca266ce6ef42f520fbb98,0x7071f121c038a98f8a7d485648a27fcd48891ba8,0,0,call,0x,35.81579328,None
4224946,1504221878,0x9fae29f2190c2b8c451b7e6c4f88e7073f62de2607cc1b4ea38bf247586dc1d4,0xfbb1b73c4f0bda4f67dca266ce6ef42f520fbb98,0x7071f121c038a98f8a7d485648a27fcd48891ba8,0,0,call,0x,25.03300648,None
4225477,1504234869,0x24a3befaa96808afefe6a9a8d42eebc89fbe3f14fe08137064038426171d904a,0xfbb1b73c4f0bda4f67dca266ce6ef42f520fbb98,0x7071f121c038a98f8a7d485648a27fcd48891ba8,0,0,call,0x,26.30469997,None
4225939,1504245460,0xe0056fd565c4ce74daaae7349e2d5f99672c35cf15a208c7dcd76513c9a1039e,0xfbb1b73c4f0bda4f67dca266ce6ef42f520fbb98,0x7071f121c038a98f8a7d485648a27fcd48891ba8,0,0,call,0x,39.78918306,None
4226093,1504249506,0x8c52dbce891a5fe3f1e5d8f160ac9b1fe18fac10eb558809ba8c2ef8e0e9b3ae,0xfbb1b73c4f0bda4f67dca266ce6ef42f520fbb98,0x7071f121c038a98f8a7d485648a27fcd48891ba8,0,0,call,0x,26.7399594,None
4226190,1504251899,0xc3aff36504b7e91aa981f64d327f3faed8181a5059e69109a54a02564e8de969,0xfbb1b73c4f0bda4f67dca266ce6ef42f520fbb98,0x7071f121c038a98f8a7d485648a27fcd48891ba8,0,0,call,0x,42.54358034,None
4226608,1504262127,0xc245c1ee274d364401cc9bf1b3c4f496574d152dc25d73c47099bd4b5b2208ef,0xfbb1b73c4f0bda4f67dca266ce6ef42f520fbb98,0x7071f121c038a98f8a7d485648a27fcd48891ba8,0,0,call,0x,52.89848821,None
4226708,1504264383,0x0e903d99c23b0001c8856f3a80603f6a02c40a7cd34ce7213fa1f7133bce5a49,0xfbb1b73c4f0bda4f67dca266ce6ef42f520fbb98,0x7071f121c038a98f8a7d485648a27fcd48891ba8,0,0,call,0x,28.55850763,None
4226834,1504267411,0xa1eaff5ad2266e583eaf90c2d8b3a68e727b20f232a6ed706e37f8bf38e9244b,0xfbb1b73c4f0bda4f67dca266ce6ef42f520fbb98,0x7071f121c038a98f8a7d485648a27fcd48891ba8,0,0,call,0x,25.998151260000004,None
4226880,1504268586,0xaa8bbfe5cbecb1dda013e6e728eab9379087716972b564470036e76903443267,0xfbb1b73c4f0bda4f67dca266ce6ef42f520fbb98,0x7071f121c038a98f8a7d485648a27fcd48891ba8,0,0,call,0x,38.47607881,None
4226929,1504269914,0x5109703bd48bd5b79d0158dab205dfbdf28badf2828650216f0a5dca3635052c,0xfbb1b73c4f0bda4f67dca266ce6ef42f520fbb98,0x7071f121c038a98f8a7d485648a27fcd48891ba8,0,0,call,0x,59.97979721,None
4226998,1504271744,0xd26f9498902e7ced32d4c2deaf5a5625c6b0b824a2aebc48243f9cc6cb9d2c77,0xfbb1b73c4f0bda4f67dca266ce6ef42f520fbb98,0x7071f121c038a98f8a7d485648a27fcd48891ba8,0,0,call,0x,24.68012276,None
4227026,1504272286,0x568fff4a70e423b8f742e6124e9fe814696e6a768b105c962093841e2d225dab,0xfbb1b73c4f0bda4f67dca266ce6ef42f520fbb98,0x7071f121c038a98f8a7d485648a27fcd48891ba8,0,0,call,0x,31.26923097,None
4227077,1504273538,0x1bd3e9ab690e6ecf09f2834166d7f7d0c49209c05ce0aca2cff4d985e81bd936,0xfbb1b73c4f0bda4f67dca266ce6ef42f520fbb98,0x7071f121c038a98f8a7d485648a27fcd48891ba8,0,0,call,0x,32.23504424,None
4227164,1504275830,0x949634ae95c14b7a4d87532c1ed4f9a50289da6b8e1debb286be8eb26229d1e5,0xfbb1b73c4f0bda4f67dca266ce6ef42f520fbb98,0x7071f121c038a98f8a7d485648a27fcd48891ba8,0,0,call,0x,45.15508239,None
4227223,1504277117,0xfce69cc99cd7d7d19a7307b7bb7691a7da073280393ba151c6abb646470a1c0d,0xfbb1b73c4f0bda4f67dca266ce6ef42f520fbb98,0x7071f121c038a98f8a7d485648a27fcd48891ba8,0,0,call,0x,60.37186354999999,None
4227259,1504278071,0x8d8925a8a53ff43e82cc96df4542be8b9e16893fa95b6b0a1729fe2415c0fc7a,0xfbb1b73c4f0bda4f67dca266ce6ef42f520fbb98,0x7071f121c038a98f8a7d485648a27fcd48891ba8,0,0,call,0x,24.00187258,None
4227366,1504280713,0xd27e4851a3e23b506e4538e00877fb7331702ac6f10d9a52a9cbaad27d23e0bc,0xfbb1b73c4f0bda4f67dca266ce6ef42f520fbb98,0x7071f121c038a98f8a7d485648a27fcd48891ba8,0,0,call,0x,29.52030836,None
4227429,1504282376,0xdd8984eb4cdad178864f4f7110669927451fe988ad8a17c9419b1b8012fc6dac,0xfbb1b73c4f0bda4f67dca266ce6ef42f520fbb98,0x7071f121c038a98f8a7d485648a27fcd48891ba8,0,0,call,0x,25.02430202,None
4227583,1504285992,0x9c16a193fcf8f0e6ed57ded15833c3400fb644cb141230701d738784db50f10c,0xfbb1b73c4f0bda4f67dca266ce6ef42f520fbb98,0x7071f121c038a98f8a7d485648a27fcd48891ba8,0,0,call,0x,24.38570366,None
4227795,1504290925,0x3c7e74e4aab99d54ebe9334384c71795924316d127852efb9d3c5180a16e9a89,0xfbb1b73c4f0bda4f67dca266ce6ef42f520fbb98,0x7071f121c038a98f8a7d485648a27fcd48891ba8,0,0,call,0x,31.02047327,None
4227950,1504294656,0x95938fd48d14cec4277378965857a767d68a026fee8cd652f90fb9b330e468bc,0xfbb1b73c4f0bda4f67dca266ce6ef42f520fbb98,0x7071f121c038a98f8a7d485648a27fcd48891ba8,0,0,call,0x,33.35079355,None
4228059,1504297440,0x9a0ce84d70b3b14629ff629c135c7f3c8896fd6fd70ac90fef0572f42c5a3a7c,0xfbb1b73c4f0bda4f67dca266ce6ef42f520fbb98,0x7071f121c038a98f8a7d485648a27fcd48891ba8,0,0,call,0x,29.49837042,None
4228237,1504302393,0x5bb1c366504d37dbcd681d7138984dbfb5436a39802e8af5ce2d04b3edd2bb20,0xfbb1b73c4f0bda4f67dca266ce6ef42f520fbb98,0x7071f121c038a98f8a7d485648a27fcd48891ba8,0,0,call,0x,29.79858858,None
4228346,1504305201,0x05a7858ba418918c110397dc1aa08698e0fb22082897e9baf3388b66ff486256,0xfbb1b73c4f0bda4f67dca266ce6ef42f520fbb98,0x7071f121c038a98f8a7d485648a27fcd48891ba8,0,0,call,0x,26.28739832,None
4228531,1504309573,0xe13c15deaebc188853615890cc017a43f46026eddd1a464f1b26f0565d3269d3,0xfbb1b73c4f0bda4f67dca266ce6ef42f520fbb98,0x7071f121c038a98f8a7d485648a27fcd48891ba8,0,0,call,0x,24.84827611,None
4229548,1504334677,0x2189826fdfa521ce161246fc21a5b50f0bfe45b89b6f73ad67841a864d0de1f9,0xfbb1b73c4f0bda4f67dca266ce6ef42f520fbb98,0x7071f121c038a98f8a7d485648a27fcd48891ba8,0,0,call,0x,50.96722328,None
4229623,1504336546,0x60e5e3b119e2548bb1bbae8482fe77b8d4f6e691693ba919041a6c32bad8a849,0xfbb1b73c4f0bda4f67dca266ce6ef42f520fbb98,0x7071f121c038a98f8a7d485648a27fcd48891ba8,0,0,call,0x,26.56149578,None
4229640,1504337130,0x34f9e25589caa48beaa95cc0a3d1bc410140553e9f2331bc59395d37585cb601,0xfbb1b73c4f0bda4f67dca266ce6ef42f520fbb98,0x7071f121c038a98f8a7d485648a27fcd48891ba8,0,0,call,0x,23.65133455,None
4229802,1504340606,0x6616679157e29b43ee119baec4a9ccead99bf6c145b46186040a20dc5797ca3b,0xfbb1b73c4f0bda4f67dca266ce6ef42f520fbb98,0x7071f121c038a98f8a7d485648a27fcd48891ba8,0,0,call,0x,32.738950800000005,None
4229994,1504345451,0x296dbf77aab1445660f7222e3e70e30e54d9e9c444e532bc97d51c55c180fb44,0xfbb1b73c4f0bda4f67dca266ce6ef42f520fbb98,0x7071f121c038a98f8a7d485648a27fcd48891ba8,0,0,call,0x,27.96034812,None
4230509,1504358537,0xadeffe764bfe0a1540ddc93faa7eef2b124202831b856d4fb093b43aee7a1b22,0xfbb1b73c4f0bda4f67dca266ce6ef42f520fbb98,0x7071f121c038a98f8a7d485648a27fcd48891ba8,0,0,call,0x,29.47697848,None
4230689,1504362833,0x2c66d38fb8dc3ad5443c9a4cbacce6c1fbf58bf89a07b1af0ddd993e401da9da,0xfbb1b73c4f0bda4f67dca266ce6ef42f520fbb98,0x7071f121c038a98f8a7d485648a27fcd48891ba8,0,0,call,0x,32.68405559,None
4230950,1504369398,0x68daaaebb0fa1042e58d38d866600fce0659a888b4a5c440ba6eaa5263205f41,0xfbb1b73c4f0bda4f67dca266ce6ef42f520fbb98,0x7071f121c038a98f8a7d485648a27fcd48891ba8,0,0,call,0x,23.12198051,None
4231110,1504373013,0x758fe8d68891a62c7fc57fda7c2e3a8ad55045183be77ac0d57e7c8dd8762d79,0xfbb1b73c4f0bda4f67dca266ce6ef42f520fbb98,0x7071f121c038a98f8a7d485648a27fcd48891ba8,0,0,call,0x,32.8125436,None
4231165,1504374423,0x37e6ba62a78fc085355341349dcc29a271d1e7dd6a6d1d93011fb63eea9f4103,0xfbb1b73c4f0bda4f67dca266ce6ef42f520fbb98,0x7071f121c038a98f8a7d485648a27fcd48891ba8,0,0,call,0x,24.10014783,None
4231317,1504377902,0x4a836f60a775ed417296c3a6d586901a1a0742eccffb71ee3bb0a68913f75d34,0xfbb1b73c4f0bda4f67dca266ce6ef42f520fbb98,0x7071f121c038a98f8a7d485648a27fcd48891ba8,0,0,call,0x,28.20388505,None
4231338,1504378509,0x586b381eac5bcc0f45071a16eaee9896efc55d19f12293dbbf3eda797f7f4a22,0xfbb1b73c4f0bda4f67dca266ce6ef42f520fbb98,0x7071f121c038a98f8a7d485648a27fcd48891ba8,0,0,call,0x,22.99965207,None
4234326,1504451658,0x0664bea461230662e1642fe31d4fc6ce2e43295cb39542a52a10cefae8b7ce3d,0xfbb1b73c4f0bda4f67dca266ce6ef42f520fbb98,0x7071f121c038a98f8a7d485648a27fcd48891ba8,0,0,call,0x,27.37402116,None
4234482,1504455198,0xf29c481fece4dcb3076acdf2c0e1c942cd2b12b268d58feec2df3144a8455ece,0xfbb1b73c4f0bda4f67dca266ce6ef42f520fbb98,0x7071f121c038a98f8a7d485648a27fcd48891ba8,0,0,call,0x,57.36505308,None
4234598,1504458019,0xe569c8267e426e64caec509406c6e25a88427a9de4199261ff1542fd1f6fd02f,0xfbb1b73c4f0bda4f67dca266ce6ef42f520fbb98,0x7071f121c038a98f8a7d485648a27fcd48891ba8,0,0,call,0x,40.8688198,None
4234833,1504463751,0xe2e91d23581e2f9e82eee71d5506fcf3172f167ab39fb65e0a746efbe9a0cd32,0xfbb1b73c4f0bda4f67dca266ce6ef42f520fbb98,0x7071f121c038a98f8a7d485648a27fcd48891ba8,0,0,call,0x,42.6338859,None
4234986,1504467298,0xcbd3eca3e1794c83cd9f8e16f2b87b32ce3c1419c35bb3662c398a6a419d71d7,0xfbb1b73c4f0bda4f67dca266ce6ef42f520fbb98,0x7071f121c038a98f8a7d485648a27fcd48891ba8,0,0,call,0x,27.32550827,None
4235119,1504470168,0xdaae3f4bb716758669885e87dc7cb57912988127d015ec77d8ea61ec34eed814,0xfbb1b73c4f0bda4f67dca266ce6ef42f520fbb98,0x7071f121c038a98f8a7d485648a27fcd48891ba8,0,0,call,0x,24.29739371,None
4235178,1504471522,0xb2dfe6c5f744dcb22a35646ae5b9506bca1220efe29861b0490947e9a96be27c,0xfbb1b73c4f0bda4f67dca266ce6ef42f520fbb98,0x7071f121c038a98f8a7d485648a27fcd48891ba8,0,0,call,0x,25.86992155,None
4235348,1504476077,0x6bbcec624f7c8fa14aa3e646cfdaf2f4986c40dfe2bc66cb7de8392ceb8b44cd,0xfbb1b73c4f0bda4f67dca266ce6ef42f520fbb98,0x7071f121c038a98f8a7d485648a27fcd48891ba8,0,0,call,0x,26.8444757,None
4235490,1504479726,0x1f90357fe6cc53476593300f643c513d3a83ad5ff624870060cb055503ba9321,0xfbb1b73c4f0bda4f67dca266ce6ef42f520fbb98,0x7071f121c038a98f8a7d485648a27fcd48891ba8,0,0,call,0x,39.5225329,None
4237868,1504537341,0xb697985f8d77903ff0c47dfd5bb81d69aa38aab8e31dcb070b1368e37b7aaca2,0xfbb1b73c4f0bda4f67dca266ce6ef42f520fbb98,0x7071f121c038a98f8a7d485648a27fcd48891ba8,0,0,call,0x,25.61155855,None
4237895,1504538001,0x096b20d9d2b4594eded09f212f6ad756432b3b576efc3bb78f9a528746af59a8,0xfbb1b73c4f0bda4f67dca266ce6ef42f520fbb98,0x7071f121c038a98f8a7d485648a27fcd48891ba8,0,0,call,0x,38.2610549,None
4238122,1504543552,0x6a426726d0ebaa05722008d6f3b2e13d301ac05846c6392b6ae15225da516050,0xfbb1b73c4f0bda4f67dca266ce6ef42f520fbb98,0x7071f121c038a98f8a7d485648a27fcd48891ba8,0,0,call,0x,26.57717435,None
4238158,1504544540,0x49c2ff9be9ee31b4719b11db94b745d81c823801e017b3217a65027cf903cba8,0xfbb1b73c4f0bda4f67dca266ce6ef42f520fbb98,0x7071f121c038a98f8a7d485648a27fcd48891ba8,0,0,call,0x,35.55914088,None
4238188,1504545242,0x0443df8314c83b43f79fae620050183506250c3006d8cd1a57a735279070f327,0xfbb1b73c4f0bda4f67dca266ce6ef42f520fbb98,0x7071f121c038a98f8a7d485648a27fcd48891ba8,0,0,call,0x,32.00276085,None
4238234,1504546441,0x9c1a75018b53a20cb42b14c6f121d4338961b3b3e1636340ff388e66a00c04d4,0xfbb1b73c4f0bda4f67dca266ce6ef42f520fbb98,0x7071f121c038a98f8a7d485648a27fcd48891ba8,0,0,call,0x,35.98249227,None
4238376,1504550067,0xe55801ffc1ed4c12fbd8e4d6255b1367ac266cba220f2e5faba74a1d44b24267,0xfbb1b73c4f0bda4f67dca266ce6ef42f520fbb98,0x7071f121c038a98f8a7d485648a27fcd48891ba8,0,0,call,0x,25.70156871,None
4238434,1504551484,0x4e14e55fa90aa4addf4fdfe1172a0361c74152c292f763f48154075762c22b24,0xfbb1b73c4f0bda4f67dca266ce6ef42f520fbb98,0x7071f121c038a98f8a7d485648a27fcd48891ba8,0,0,call,0x,42.29770514,None
4238444,1504551767,0xba491c133516ff24b89246954d335c124a84f4e072e6b2eeec63d3b3deab0730,0xfbb1b73c4f0bda4f67dca266ce6ef42f520fbb98,0x7071f121c038a98f8a7d485648a27fcd48891ba8,0,0,call,0x,39.08741594,None
4238471,1504552415,0x73d399f86ab9880024cdcb8bd01157f17b4408201e2bc9b0ceb21df7878eecbd,0xfbb1b73c4f0bda4f67dca266ce6ef42f520fbb98,0x7071f121c038a98f8a7d485648a27fcd48891ba8,0,0,call,0x,30.42582864,None
4238500,1504553258,0x13f92bd892246cd063141b803cfb434e5e9135d66d4732c1007eeda6603f988d,0xfbb1b73c4f0bda4f67dca266ce6ef42f520fbb98,0x7071f121c038a98f8a7d485648a27fcd48891ba8,0,0,call,0x,52.56986187,None
4238548,1504554301,0x08033845dc12c7ad0ac97f5e04aad1921b254939e92c6a3ddf91b8c4166e3f05,0xfbb1b73c4f0bda4f67dca266ce6ef42f520fbb98,0x7071f121c038a98f8a7d485648a27fcd48891ba8,0,0,call,0x,50.61591384,None
4238590,1504555411,0xfb219b40f74d4d0cca20c2873ad7938d46b7a58212d396a81d5bfa61ed560480,0xfbb1b73c4f0bda4f67dca266ce6ef42f520fbb98,0x7071f121c038a98f8a7d485648a27fcd48891ba8,0,0,call,0x,57.9683836,None
4238651,1504557337,0xa52d9fdd09576f371f564598e4d8970ddc66789c4c784139f4aafc843968ed6d,0xfbb1b73c4f0bda4f67dca266ce6ef42f520fbb98,0x7071f121c038a98f8a7d485648a27fcd48891ba8,0,0,call,0x,60.6050856,None
4238706,1504558537,0xcffd98c071ebd3034c00532c1d78b8783b6169b1a271a523d1f2348a8121d924,0xfbb1b73c4f0bda4f67dca266ce6ef42f520fbb98,0x7071f121c038a98f8a7d485648a27fcd48891ba8,0,0,call,0x,33.80257483,None
4238752,1504559593,0x7299227146e72b6b192966272cb8d26cd381af69964694500ce655d267cffc20,0xfbb1b73c4f0bda4f67dca266ce6ef42f520fbb98,0x7071f121c038a98f8a7d485648a27fcd48891ba8,0,0,call,0x,68.19191509000001,None
4238828,1504561541,0x2722bbcbe55f0b72b5a091e1a1e7d6056d90da42f82a237ed49b9dc88f75c898,0xfbb1b73c4f0bda4f67dca266ce6ef42f520fbb98,0x7071f121c038a98f8a7d485648a27fcd48891ba8,0,0,call,0x,29.56185596,None
4238907,1504563177,0x3ee58d2fc8fac204565e64cf3112ff357cf7f20321e52450612c224021a8c46c,0xfbb1b73c4f0bda4f67dca266ce6ef42f520fbb98,0x7071f121c038a98f8a7d485648a27fcd48891ba8,0,0,call,0x,48.14366682,None
4238963,1504564651,0x6b929edb278458ab67f23c4ce10b81e6868d68117407c434d71e9b4bb4cc8cb7,0xfbb1b73c4f0bda4f67dca266ce6ef42f520fbb98,0x7071f121c038a98f8a7d485648a27fcd48891ba8,0,0,call,0x,56.5780588,None
4240315,1504597608,0xa65cd59baf0379b6b6fae443f52a20e23370e5643a43ad6ece9ee59eb162c1f0,0xfbb1b73c4f0bda4f67dca266ce6ef42f520fbb98,0x7071f121c038a98f8a7d485648a27fcd48891ba8,0,0,call,0x,51.69460425,None
4240384,1504599453,0x2403af732c8880fa7c26ac02c5f5939b3752363ceedeb865a89ee811288d3fc1,0xfbb1b73c4f0bda4f67dca266ce6ef42f520fbb98,0x7071f121c038a98f8a7d485648a27fcd48891ba8,0,0,call,0x,24.54932108,None
4240993,1504614151,0xaff614ad3d8c3ccc54145dcd7511fb6c3c15250a99e1a54dcaac60be04f7ed7f,0xfbb1b73c4f0bda4f67dca266ce6ef42f520fbb98,0x7071f121c038a98f8a7d485648a27fcd48891ba8,0,0,call,0x,47.66423651,None
4241048,1504615523,0x6bcd55ff34171e80cbdfb247c4805a97d314fb102fb6179fef5821ac372d14bb,0xfbb1b73c4f0bda4f67dca266ce6ef42f520fbb98,0x7071f121c038a98f8a7d485648a27fcd48891ba8,0,0,call,0x,71.53900654,None
4241077,1504616443,0xc9bdd27c6bf7cd5615c41f68f408fe9a3561c88882da84a5dd0745cf2b92b66e,0xfbb1b73c4f0bda4f67dca266ce6ef42f520fbb98,0x7071f121c038a98f8a7d485648a27fcd48891ba8,0,0,call,0x,27.13712146,None
4241158,1504618440,0xfbe717d370fa841c8d0f198d1b1ecc37de20cde0777bbf3d8e08b9f977c917b8,0xfbb1b73c4f0bda4f67dca266ce6ef42f520fbb98,0x7071f121c038a98f8a7d485648a27fcd48891ba8,0,0,call,0x,27.169854100000002,None
4241223,1504620090,0x269eb25337c49f1ad8d52ac07dffb31edbe44604102e6d8bd2c83e0de8d652ca,0xfbb1b73c4f0bda4f67dca266ce6ef42f520fbb98,0x7071f121c038a98f8a7d485648a27fcd48891ba8,0,0,call,0x,57.40741518,None
4241253,1504620745,0x51c5c8f4197db96b04857c40bc26d22ce5b313749f62742c17afdb6b63623a3a,0xfbb1b73c4f0bda4f67dca266ce6ef42f520fbb98,0x7071f121c038a98f8a7d485648a27fcd48891ba8,0,0,call,0x,23.31180658,None
4241475,1504626475,0x075a5369aa2a9818cce8156b82d57d5a9e67f03c7faf43d19d0a7be50dc1f168,0xfbb1b73c4f0bda4f67dca266ce6ef42f520fbb98,0x7071f121c038a98f8a7d485648a27fcd48891ba8,0,0,call,0x,62.4518813,None
4241956,1504637746,0xa33fb7e62e1d3d46b9da26cda0628af1cb7aee34562c83b2a1e0e05b4694ff0c,0xfbb1b73c4f0bda4f67dca266ce6ef42f520fbb98,0x7071f121c038a98f8a7d485648a27fcd48891ba8,0,0,call,0x,41.04433859,None
4242043,1504640144,0xeecc7c0da09cb04ce20cb0c2b4a2226aa640b0f01fa1226aa75f0bb0db7fc283,0xfbb1b73c4f0bda4f67dca266ce6ef42f520fbb98,0x7071f121c038a98f8a7d485648a27fcd48891ba8,0,0,call,0x,67.48854396,None
4242115,1504641705,0x302e10865810219cd4be07e76a242e3fbea321140005baaccdfc1b0cd1eb67e5,0xfbb1b73c4f0bda4f67dca266ce6ef42f520fbb98,0x7071f121c038a98f8a7d485648a27fcd48891ba8,0,0,call,0x,46.77514005000001,None
4242150,1504642429,0x1d6fd5adf30ef00b41b7a97d484c696ba4a61ad95131bffc7905b0029c44987f,0xfbb1b73c4f0bda4f67dca266ce6ef42f520fbb98,0x7071f121c038a98f8a7d485648a27fcd48891ba8,0,0,call,0x,27.71729407,None
4242194,1504643697,0x07f1ccf5dc9edc4e6808323077f7a4b476c8c8273f7d55566464c58affda8823,0xfbb1b73c4f0bda4f67dca266ce6ef42f520fbb98,0x7071f121c038a98f8a7d485648a27fcd48891ba8,0,0,call,0x,26.24913186,None
4242273,1504645645,0x17b55a8f59ba9399f6066caa8f69b41b0449de3a1ee90d0c97c312a69bdebbcc,0xfbb1b73c4f0bda4f67dca266ce6ef42f520fbb98,0x7071f121c038a98f8a7d485648a27fcd48891ba8,0,0,call,0x,30.37985356,None
4242426,1504648915,0x61c8cb709dba7cc5be778e49d25997bd0678f30c6aec8048486b213dc3b66e76,0xfbb1b73c4f0bda4f67dca266ce6ef42f520fbb98,0x7071f121c038a98f8a7d485648a27fcd48891ba8,0,0,call,0x,25.20982704,None
4242532,1504651510,0x81534814bf62ba45182aa78411ce9446d30d41a1f19b02669022263f1bd2a3f0,0xfbb1b73c4f0bda4f67dca266ce6ef42f520fbb98,0x7071f121c038a98f8a7d485648a27fcd48891ba8,0,0,call,0x,23.58812377,None
4242785,1504657430,0x73c7314946a9bcb9c7823453b7d2995f4d18b0a669b187968150361c0d613f10,0xfbb1b73c4f0bda4f67dca266ce6ef42f520fbb98,0x7071f121c038a98f8a7d485648a27fcd48891ba8,0,0,call,0x,53.13443399,None
4243151,1504666869,0xe67b60351959da145ed9d97d4b23de4776238242ee76a03f53b0c94cc0904f87,0xfbb1b73c4f0bda4f67dca266ce6ef42f520fbb98,0x7071f121c038a98f8a7d485648a27fcd48891ba8,0,0,call,0x,24.15567812,None
4243374,1504672503,0x8e1198066332237391e5c0641ed673c2e7fa6d23da24c98c64fd73a09f428610,0xfbb1b73c4f0bda4f67dca266ce6ef42f520fbb98,0x7071f121c038a98f8a7d485648a27fcd48891ba8,0,0,call,0x,67.49272674,None
4243462,1504674835,0xe704913208824f1000ce8522fc6591050596e0aa2e0d730c396709ed82f91fa9,0xfbb1b73c4f0bda4f67dca266ce6ef42f520fbb98,0x7071f121c038a98f8a7d485648a27fcd48891ba8,0,0,call,0x,30.32861269,None
4243778,1504682624,0x272a76b6999506331155e239be40e0019b437868e531570c73d260e034ff4e02,0xfbb1b73c4f0bda4f67dca266ce6ef42f520fbb98,0x7071f121c038a98f8a7d485648a27fcd48891ba8,0,0,call,0x,32.27674167,None
4243822,1504683949,0xe989bffde85b0517fcee3f1e36f64ba07748c5a4534b541f4addb0d3eff787eb,0xfbb1b73c4f0bda4f67dca266ce6ef42f520fbb98,0x7071f121c038a98f8a7d485648a27fcd48891ba8,0,0,call,0x,51.59748034,None
4244262,1504695531,0x555b69d138f0c9aebb31d9b0e68dd61bf3594e9f2c6819b6aafb6a58c5b6c60d,0xfbb1b73c4f0bda4f67dca266ce6ef42f520fbb98,0x7071f121c038a98f8a7d485648a27fcd48891ba8,0,0,call,0x,39.28369439,None
4244348,1504697678,0xdd84536410847aee9ecb0f4a4643f6ac6ff84d6282ca42610cb26af96c87b7c5,0xfbb1b73c4f0bda4f67dca266ce6ef42f520fbb98,0x7071f121c038a98f8a7d485648a27fcd48891ba8,0,0,call,0x,23.85428372,None
4244503,1504701342,0x0afa61ac4b4a20494bd9f892f4de7272781b6e1b7b9fb99323b12ebed18d75df,0xfbb1b73c4f0bda4f67dca266ce6ef42f520fbb98,0x7071f121c038a98f8a7d485648a27fcd48891ba8,0,0,call,0x,23.91802225,None
4244618,1504704181,0xd1b76e7783aef75790fd0800eba885a56ee27a3028d27c43f540379bfcd8aec6,0xfbb1b73c4f0bda4f67dca266ce6ef42f520fbb98,0x7071f121c038a98f8a7d485648a27fcd48891ba8,0,0,call,0x,23.15885665,None
4244777,1504707874,0xc1b9f155046fbd7ce806314c9ca64a020ed23256abe85be90653201b106d26b5,0xfbb1b73c4f0bda4f67dca266ce6ef42f520fbb98,0x7071f121c038a98f8a7d485648a27fcd48891ba8,0,0,call,0x,24.83020105,None
4244807,1504708557,0xbb5bcaa7cb50df0bb0864f72e37416c32fbb788b0921071d8a869d482bb0d4c2,0xfbb1b73c4f0bda4f67dca266ce6ef42f520fbb98,0x7071f121c038a98f8a7d485648a27fcd48891ba8,0,0,call,0x,28.21874041,None
4244926,1504711511,0xb2cc4874c9e863844a6321c61e1d44f003ddfcea76697c831f992b78a72b8442,0xfbb1b73c4f0bda4f67dca266ce6ef42f520fbb98,0x7071f121c038a98f8a7d485648a27fcd48891ba8,0,0,call,0x,45.82268524000001,None
4245114,1504715689,0x38aa670411005aae053cada7e19472607f39a8ce0f3944d38121086f359b4c13,0xfbb1b73c4f0bda4f67dca266ce6ef42f520fbb98,0x7071f121c038a98f8a7d485648a27fcd48891ba8,0,0,call,0x,34.63642441,None
4245210,1504718165,0x93437f7bd4875fc903ad107880a55d9d0ed1994c70c38e775cca34079f05c34d,0xfbb1b73c4f0bda4f67dca266ce6ef42f520fbb98,0x7071f121c038a98f8a7d485648a27fcd48891ba8,0,0,call,0x,28.36790412,None
4245319,1504720598,0x97c87eb5ee1b0ce047f37f5ef40b715049c67d183b988e7f1bc6780e641e9d03,0xfbb1b73c4f0bda4f67dca266ce6ef42f520fbb98,0x7071f121c038a98f8a7d485648a27fcd48891ba8,0,0,call,0x,39.55784944,None
4245471,1504724226,0xdc89d202efdb9707a4a27584676026de0570af582a948e5b6d23c5e75dc5db34,0xfbb1b73c4f0bda4f67dca266ce6ef42f520fbb98,0x7071f121c038a98f8a7d485648a27fcd48891ba8,0,0,call,0x,33.30030593,None
4245632,1504728192,0x4423cb94532ed0763ec14ef479259b7e3f7d21c1757371d645d2d1b5e75bf783,0xfbb1b73c4f0bda4f67dca266ce6ef42f520fbb98,0x7071f121c038a98f8a7d485648a27fcd48891ba8,0,0,call,0x,24.87949201,None
4249143,1504813503,0x8bb34ff72269f135b2890ec3dbdc99f6bdc847cdd816cf10a9fe5e74c4ab9fd8,0xfbb1b73c4f0bda4f67dca266ce6ef42f520fbb98,0x7071f121c038a98f8a7d485648a27fcd48891ba8,0,0,call,0x,49.70703607,None
4249269,1504816461,0x15ac06a07533eebbcce1dea70e18c6d823a143d2681911041b62c66aea7f05f0,0xfbb1b73c4f0bda4f67dca266ce6ef42f520fbb98,0x7071f121c038a98f8a7d485648a27fcd48891ba8,0,0,call,0x,24.3951215,None
4250805,1504853152,0x6901ee263ffc73971a9f86418542ac78f3d7f7c78a001f942ae9d85f69264015,0xfbb1b73c4f0bda4f67dca266ce6ef42f520fbb98,0x7071f121c038a98f8a7d485648a27fcd48891ba8,0,0,call,0x,35.42905694,None
4250935,1504856146,0x42a0ca15a8d68bfe215dad88074ac90441b103f2f3e53fcb8130ec492cbd4703,0xfbb1b73c4f0bda4f67dca266ce6ef42f520fbb98,0x7071f121c038a98f8a7d485648a27fcd48891ba8,0,0,call,0x,44.35475071,None
4251172,1504862033,0x1733c5e68e01f5cc5394508bc53773b27a89581a8a2e7c5ba9e78cacb8907f9b,0xfbb1b73c4f0bda4f67dca266ce6ef42f520fbb98,0x7071f121c038a98f8a7d485648a27fcd48891ba8,0,0,call,0x,49.75536461,None
4251362,1504866886,0x23c88e93316116a5083c19e5144529458bbe759cc9c62b864a137fc9ec04a4be,0xfbb1b73c4f0bda4f67dca266ce6ef42f520fbb98,0x7071f121c038a98f8a7d485648a27fcd48891ba8,0,0,call,0x,27.78036063,None
4251560,1504871979,0x54f66667a36bcd683e79a253117903158ddf8071aac92bb34186d799947a5cf6,0xfbb1b73c4f0bda4f67dca266ce6ef42f520fbb98,0x7071f121c038a98f8a7d485648a27fcd48891ba8,0,0,call,0x,38.39585546,None
4251724,1504875872,0x087663b3a12165f9ed420642ecf00a7169fa7bdeeba5641d83436553d5e836b8,0xfbb1b73c4f0bda4f67dca266ce6ef42f520fbb98,0x7071f121c038a98f8a7d485648a27fcd48891ba8,0,0,call,0x,27.909736,None
4251771,1504876965,0xf64cac2486f00c91544238ba091e1e7ab8b0b33494fd76782ac407cafe6ee137,0xfbb1b73c4f0bda4f67dca266ce6ef42f520fbb98,0x7071f121c038a98f8a7d485648a27fcd48891ba8,0,0,call,0x,26.41773746,None
4251864,1504879394,0xd56c071d3836014f5c70cd6eb56b8c719387f241b1cc9caa54b63bc93767eeeb,0xfbb1b73c4f0bda4f67dca266ce6ef42f520fbb98,0x7071f121c038a98f8a7d485648a27fcd48891ba8,0,0,call,0x,23.17642603,None
4251984,1504881964,0xebda7b9651fcb4d2fa632ee07ec439448eed94321cd78c95d11ce7ec74a95c82,0xfbb1b73c4f0bda4f67dca266ce6ef42f520fbb98,0x7071f121c038a98f8a7d485648a27fcd48891ba8,0,0,call,0x,24.4417157,None
4252014,1504882659,0x47db7cbaf5543ff719fc299b0bb9a4cdca9572f670b1e9dd1e397a059e84dafd,0xfbb1b73c4f0bda4f67dca266ce6ef42f520fbb98,0x7071f121c038a98f8a7d485648a27fcd48891ba8,0,0,call,0x,47.07351029,None
4252063,1504883762,0xea93ef21b5ebf828bcb6ea601df8746e3611d092483c7b0e78aeb9057c873fef,0xfbb1b73c4f0bda4f67dca266ce6ef42f520fbb98,0x7071f121c038a98f8a7d485648a27fcd48891ba8,0,0,call,0x,32.66459362,None
4252148,1504885686,0x66d179505b99e2dca3b3f998d52a11c4d2ec4394ffc9b117f5feabe4e547ba5c,0xfbb1b73c4f0bda4f67dca266ce6ef42f520fbb98,0x7071f121c038a98f8a7d485648a27fcd48891ba8,0,0,call,0x,42.91315165,None
4252244,1504887897,0x25fbaf63d9e28cf85a45dddd5b1f44de7e40e658b62ef2ac881d2d22c5ee79c7,0xfbb1b73c4f0bda4f67dca266ce6ef42f520fbb98,0x7071f121c038a98f8a7d485648a27fcd48891ba8,0,0,call,0x,34.0623056,None
4252466,1504893357,0x2420fccef2a31cbe9181d10496617db97081d7283857ee9338a647e9b087e8a3,0xfbb1b73c4f0bda4f67dca266ce6ef42f520fbb98,0x7071f121c038a98f8a7d485648a27fcd48891ba8,0,0,call,0x,35.32500657,None
4252570,1504895669,0x2426b2549f43fbf1a8760b99ecd5cc0f74d9d6438ad4f9133433aadc0d117961,0xfbb1b73c4f0bda4f67dca266ce6ef42f520fbb98,0x7071f121c038a98f8a7d485648a27fcd48891ba8,0,0,call,0x,41.96912257,None
4252761,1504899940,0x9b1fa0ac31ca87af21820b5ed456c3690be4cb676baf871676613099e9d9fecb,0xfbb1b73c4f0bda4f67dca266ce6ef42f520fbb98,0x7071f121c038a98f8a7d485648a27fcd48891ba8,0,0,call,0x,29.75929733,None
4254258,1504936881,0xde4b0b9550ae0582c3b2adecb0553093033f1fbac310182411faba0e7279e8ef,0xfbb1b73c4f0bda4f67dca266ce6ef42f520fbb98,0x7071f121c038a98f8a7d485648a27fcd48891ba8,0,0,call,0x,77.01198887999998,None
4254511,1504942452,0xf6776268e95eaeaa2e6e823465bbf3b860055454a3152bf9cfecb134bbd0400a,0xfbb1b73c4f0bda4f67dca266ce6ef42f520fbb98,0x7071f121c038a98f8a7d485648a27fcd48891ba8,0,0,call,0x,25.94759108,None
4254600,1504944807,0x7d5ead3733d3c0246a65aa5add4b85885ac1d38965669e9edab485a9c0aba28d,0xfbb1b73c4f0bda4f67dca266ce6ef42f520fbb98,0x7071f121c038a98f8a7d485648a27fcd48891ba8,0,0,call,0x,40.948674200000006,None
4254678,1504946697,0xd318346323f4f336a307105f257be2dd37bd2f7096b2543560362fd680c23249,0xfbb1b73c4f0bda4f67dca266ce6ef42f520fbb98,0x7071f121c038a98f8a7d485648a27fcd48891ba8,0,0,call,0x,35.06184632,None
4254885,1504951916,0xe746fbba9a1faafbcc869a5974f53c531608c2a0240c2a64cf57816e1016b891,0xfbb1b73c4f0bda4f67dca266ce6ef42f520fbb98,0x7071f121c038a98f8a7d485648a27fcd48891ba8,0,0,call,0x,24.74126545,None
4254989,1504954899,0xb1ac4226624256949164db77f7c5ae673ab55e46c766654e2244caaecd8c06fd,0xfbb1b73c4f0bda4f67dca266ce6ef42f520fbb98,0x7071f121c038a98f8a7d485648a27fcd48891ba8,0,0,call,0x,25.29464347,None
4255212,1504959843,0x701bdae4996ac8af4223601a2e6a480006cc534059383d0649141ed6c9a482e5,0xfbb1b73c4f0bda4f67dca266ce6ef42f520fbb98,0x7071f121c038a98f8a7d485648a27fcd48891ba8,0,0,call,0x,29.1180744,None
4255341,1504963405,0x1059ae210e6d8a05cd8870aba76d2fece22eb703e91211487245a29b81ca6eed,0xfbb1b73c4f0bda4f67dca266ce6ef42f520fbb98,0x7071f121c038a98f8a7d485648a27fcd48891ba8,0,0,call,0x,57.04137365,None
4255517,1504967782,0x1d59ea8447147e16d23c3e716aacd8f019fd73b960ae279ee846a532dc92a851,0xfbb1b73c4f0bda4f67dca266ce6ef42f520fbb98,0x7071f121c038a98f8a7d485648a27fcd48891ba8,0,0,call,0x,48.60591824,None
4255733,1504972883,0x5199e100e123c983053aa265663dcfb14d9e1ac1f73ead5f28fdde971791c110,0xfbb1b73c4f0bda4f67dca266ce6ef42f520fbb98,0x7071f121c038a98f8a7d485648a27fcd48891ba8,0,0,call,0x,24.58971091,None
4256003,1504979071,0x9d9c05aaa35fb267239437117d7ea32703c13b656b0672807c0ef5e208da1f9b,0xfbb1b73c4f0bda4f67dca266ce6ef42f520fbb98,0x7071f121c038a98f8a7d485648a27fcd48891ba8,0,0,call,0x,28.3156032,None
4256349,1504988005,0x334f720bd66bd8609cee486d9fd38fe5fd1728fab54f3c5d6774fbd322c76f86,0xfbb1b73c4f0bda4f67dca266ce6ef42f520fbb98,0x7071f121c038a98f8a7d485648a27fcd48891ba8,0,0,call,0x,42.2503687,None
4256641,1504994452,0xb6b73140e4f7a4e9243e4a74c4fdb74a797ca63bbd1fd5ad506c9aaf229b3ff5,0xfbb1b73c4f0bda4f67dca266ce6ef42f520fbb98,0x7071f121c038a98f8a7d485648a27fcd48891ba8,0,0,call,0x,54.87101852000001,None
4256821,1504998905,0xe77026256d66497995319554f857fa7c1f977677d814b0870c096527d0b9d609,0xfbb1b73c4f0bda4f67dca266ce6ef42f520fbb98,0x7071f121c038a98f8a7d485648a27fcd48891ba8,0,0,call,0x,40.35547980000001,None
4258046,1505028938,0x0d3dedae461f76ce1ae812835fc4369fa1294209c38e7de04f191aae38963031,0xfbb1b73c4f0bda4f67dca266ce6ef42f520fbb98,0x7071f121c038a98f8a7d485648a27fcd48891ba8,0,0,call,0x,40.89008588,None
4258065,1505029548,0x7fa25754a50e976d888b0b763b75a41f466ff03cd5d5a57c9b0bbeaf641ad02e,0xfbb1b73c4f0bda4f67dca266ce6ef42f520fbb98,0x7071f121c038a98f8a7d485648a27fcd48891ba8,0,0,call,0x,50.86049492,None
4258151,1505031827,0xddb50bba367024c9054bb4d7b7235570966526bdeee9045bfdc6a14834ff9eb7,0xfbb1b73c4f0bda4f67dca266ce6ef42f520fbb98,0x7071f121c038a98f8a7d485648a27fcd48891ba8,0,0,call,0x,62.35243419,None
4258204,1505033168,0x9fda36f6a01da463dcf2fed9b1ed483c827493cb8bd8028bf1d30fbc931e6051,0xfbb1b73c4f0bda4f67dca266ce6ef42f520fbb98,0x7071f121c038a98f8a7d485648a27fcd48891ba8,0,0,call,0x,29.02265204,None
4258324,1505036267,0x5baca4e6450dffe1ca7ae95b6746ddb1b63152d14022a309ed7adede7978a363,0xfbb1b73c4f0bda4f67dca266ce6ef42f520fbb98,0x7071f121c038a98f8a7d485648a27fcd48891ba8,0,0,call,0x,30.358981,None
4258445,1505039025,0x4ff3f5ec50714bb4e16fb0a6eea44eff59b2e7243a01b27cd8d1b3b2f7d7ad4b,0xfbb1b73c4f0bda4f67dca266ce6ef42f520fbb98,0x7071f121c038a98f8a7d485648a27fcd48891ba8,0,0,call,0x,35.54079503,None
4258632,1505043302,0x2fc14e6b255501e0b15c317b3e4e6b82d12d0f21213c9ab98ae52fabca4acfa0,0xfbb1b73c4f0bda4f67dca266ce6ef42f520fbb98,0x7071f121c038a98f8a7d485648a27fcd48891ba8,0,0,call,0x,27.20501699,None
4258675,1505044691,0x10127a8d0bad9c2e784277efc11df3fd056166c629d34b61fbd1b0c175d137c3,0xfbb1b73c4f0bda4f67dca266ce6ef42f520fbb98,0x7071f121c038a98f8a7d485648a27fcd48891ba8,0,0,call,0x,39.09819216,None
4258757,1505046932,0x2aec52ad5be4e56243b2cc0120ad0ed3eb2e20e88c429252bb2811261a539cc8,0xfbb1b73c4f0bda4f67dca266ce6ef42f520fbb98,0x7071f121c038a98f8a7d485648a27fcd48891ba8,0,0,call,0x,34.78843947,None
4258882,1505050477,0x5fe3fcc9f273f5b97df7dadfbcbd4bff9b40cb5f062826997cadf089bd8e5f0e,0xfbb1b73c4f0bda4f67dca266ce6ef42f520fbb98,0x7071f121c038a98f8a7d485648a27fcd48891ba8,0,0,call,0x,23.76441072,None
4259029,1505053503,0x20317482c00e4d48d500066923deae218b0bbbf0939fe77040560613c48e2cb0,0xfbb1b73c4f0bda4f67dca266ce6ef42f520fbb98,0x7071f121c038a98f8a7d485648a27fcd48891ba8,0,0,call,0x,27.524077660000003,None
4259053,1505054023,0x3f0292088dc13b91f9c630d6be53417efdf94fbba2d414d9db311df9a1431b22,0xfbb1b73c4f0bda4f67dca266ce6ef42f520fbb98,0x7071f121c038a98f8a7d485648a27fcd48891ba8,0,0,call,0x,26.99356186,None
4259359,1505061317,0xed8f79e6e4ee95b82396b43e6a0ccacdc99b2ce20e11f23e9aa08526c05212a4,0xfbb1b73c4f0bda4f67dca266ce6ef42f520fbb98,0x7071f121c038a98f8a7d485648a27fcd48891ba8,0,0,call,0x,25.54264287,None
4259504,1505064903,0xd07aac416a6379a2cc664aec168550046e2772cfd57c1816e15795d33628cce3,0xfbb1b73c4f0bda4f67dca266ce6ef42f520fbb98,0x7071f121c038a98f8a7d485648a27fcd48891ba8,0,0,call,0x,31.41850778,None
4259573,1505066585,0xb4dccb799faf1e4cd4e32be62b8182e245aa1a64a02e7822309f9e870506eece,0xfbb1b73c4f0bda4f67dca266ce6ef42f520fbb98,0x7071f121c038a98f8a7d485648a27fcd48891ba8,0,0,call,0x,39.74870163999999,None
4259715,1505069805,0x59d783c7ed0b9a3271ca3fe7942d3535efa5d6366d58ac54d00cd4547c91863a,0xfbb1b73c4f0bda4f67dca266ce6ef42f520fbb98,0x7071f121c038a98f8a7d485648a27fcd48891ba8,0,0,call,0x,33.105144769999995,None
4259870,1505072773,0xf756d8f669d1f1d1d90817b970529894f6515c9c48bc92467656cdb327101a1b,0xfbb1b73c4f0bda4f67dca266ce6ef42f520fbb98,0x7071f121c038a98f8a7d485648a27fcd48891ba8,0,0,call,0x,35.74896610000001,None
4259964,1505074977,0xd1c99ef64ca4b433e8549f24d49649ff2ec48f9dfa7f4be5482ee467f75dc840,0xfbb1b73c4f0bda4f67dca266ce6ef42f520fbb98,0x7071f121c038a98f8a7d485648a27fcd48891ba8,0,0,call,0x,25.84565722,None
4260132,1505079269,0xd575a8abe15f8be92c32bfcb7356cc614226a7a272aba4e168c80d8419911cf8,0xfbb1b73c4f0bda4f67dca266ce6ef42f520fbb98,0x7071f121c038a98f8a7d485648a27fcd48891ba8,0,0,call,0x,23.93492983,None
4261379,1505110451,0xdba98f7237392e612f200ffe930e6253b6d4e39a3027d3fb51a062eee11e5cc7,0xfbb1b73c4f0bda4f67dca266ce6ef42f520fbb98,0x7071f121c038a98f8a7d485648a27fcd48891ba8,0,0,call,0x,32.58188211,None
4261844,1505121969,0x0f82c7e977acb5b989c400994991618399512d212174bd16a487880f879578ef,0xfbb1b73c4f0bda4f67dca266ce6ef42f520fbb98,0x7071f121c038a98f8a7d485648a27fcd48891ba8,0,0,call,0x,46.21408289,None
4261930,1505124112,0x99525d597c4d2ee831a527685e9070a33ac80289b037b5ebc007f03a7ba3d3bc,0xfbb1b73c4f0bda4f67dca266ce6ef42f520fbb98,0x7071f121c038a98f8a7d485648a27fcd48891ba8,0,0,call,0x,30.69417534,None
4262049,1505126780,0x5aedf4f217623c24f489c05561e587882541b8b6eccd151faddb1e5272bd36de,0xfbb1b73c4f0bda4f67dca266ce6ef42f520fbb98,0x7071f121c038a98f8a7d485648a27fcd48891ba8,0,0,call,0x,23.89776333,None
4262155,1505129710,0xa1f84609453f555cca5b618b7545f409d593091a075593eaed11ff3fe9acb5aa,0xfbb1b73c4f0bda4f67dca266ce6ef42f520fbb98,0x7071f121c038a98f8a7d485648a27fcd48891ba8,0,0,call,0x,33.29209822,None
4262234,1505131331,0x930f9fb09d1a07bb3d673f92d0573bb6bb291d00fc64ea578fad18f89eacf4e4,0xfbb1b73c4f0bda4f67dca266ce6ef42f520fbb98,0x7071f121c038a98f8a7d485648a27fcd48891ba8,0,0,call,0x,55.65210074,None
4262297,1505132541,0xcbb1d43993f919725e5ed303b9b04dfc47ecf3d8bf2433b778ff048f9ccdaace,0xfbb1b73c4f0bda4f67dca266ce6ef42f520fbb98,0x7071f121c038a98f8a7d485648a27fcd48891ba8,0,0,call,0x,34.73337642,None
4262360,1505133936,0xc86f8b01082cc0415c7855a3552a6a6db3232a211e371f6913d475e3fb4b1ac3,0xfbb1b73c4f0bda4f67dca266ce6ef42f520fbb98,0x7071f121c038a98f8a7d485648a27fcd48891ba8,0,0,call,0x,24.822857,None
4262403,1505134912,0x9c3a3516d8df06f94ae8942348415d4b6452b6c34ed3e795b470e69c772114e0,0xfbb1b73c4f0bda4f67dca266ce6ef42f520fbb98,0x7071f121c038a98f8a7d485648a27fcd48891ba8,0,0,call,0x,39.014453,None
4262531,1505138303,0x75b40c45f134923ab8ffcb343714fa55b8443f6daf36c002f3259297fb2d1edd,0xfbb1b73c4f0bda4f67dca266ce6ef42f520fbb98,0x7071f121c038a98f8a7d485648a27fcd48891ba8,0,0,call,0x,29.36509838000001,None
4262635,1505140485,0x2e6449729d888f398ab263dc5d76743e4ed66914356ccc6f45457fd07b2b2c87,0xfbb1b73c4f0bda4f67dca266ce6ef42f520fbb98,0x7071f121c038a98f8a7d485648a27fcd48891ba8,0,0,call,0x,26.15498197,None
4262787,1505143593,0x2c41c68bd62425963e3251bb3ba75eb6717adba88949b867e394ec6bf82f8b92,0xfbb1b73c4f0bda4f67dca266ce6ef42f520fbb98,0x7071f121c038a98f8a7d485648a27fcd48891ba8,0,0,call,0x,31.79881224,None
4262922,1505146972,0x4637d1b181a49e7a9b98b8438d53d7886f7c57ffd7dda22851e0c0e79e523199,0xfbb1b73c4f0bda4f67dca266ce6ef42f520fbb98,0x7071f121c038a98f8a7d485648a27fcd48891ba8,0,0,call,0x,37.20542112,None
4263099,1505151284,0xf262af374ddaf090b758cba77279e4c0863fec18b0ec5d49461f4c249292d96a,0xfbb1b73c4f0bda4f67dca266ce6ef42f520fbb98,0x7071f121c038a98f8a7d485648a27fcd48891ba8,0,0,call,0x,29.18484403,None
4263123,1505151967,0x5ebeadc4c5a4f03624b7665bdebe4b3538f9486ac2cf0b12238fc5948a9282c8,0xfbb1b73c4f0bda4f67dca266ce6ef42f520fbb98,0x7071f121c038a98f8a7d485648a27fcd48891ba8,0,0,call,0x,23.42191639,None
4263312,1505156260,0x7eaa03d1e250b031e2c5583959ce0d05a34ee76562b9d89cb7f8683d3c36f0bf,0xfbb1b73c4f0bda4f67dca266ce6ef42f520fbb98,0x7071f121c038a98f8a7d485648a27fcd48891ba8,0,0,call,0x,31.28126748,None
4263449,1505159780,0x863c1e6ac92dae4f99e7aa9bb33c9fd7629f3544f7cf6fc125364fc88282b904,0xfbb1b73c4f0bda4f67dca266ce6ef42f520fbb98,0x7071f121c038a98f8a7d485648a27fcd48891ba8,0,0,call,0x,25.59559676,None
4263995,1505172819,0xe82dd264be06cac14400aa7bb17f0ec56f821da48df8dbf8416194bac61c9923,0xfbb1b73c4f0bda4f67dca266ce6ef42f520fbb98,0x7071f121c038a98f8a7d485648a27fcd48891ba8,0,0,call,0x,30.89541466,None
4265232,1505202364,0xd627d7e261013eebda02171d8f2cdbf8575de7e6620f637044f47ac9a930230c,0xfbb1b73c4f0bda4f67dca266ce6ef42f520fbb98,0x7071f121c038a98f8a7d485648a27fcd48891ba8,0,0,call,0x,23.47399702,None
4265377,1505205913,0xb59ef1b8a864424f6415a3ca7ca641d622934b4193f87b341644e00d806435d1,0xfbb1b73c4f0bda4f67dca266ce6ef42f520fbb98,0x7071f121c038a98f8a7d485648a27fcd48891ba8,0,0,call,0x,24.28873654,None
4265430,1505207034,0x256cc7e8aaf0a064194887cae09efbf24b6d1ea54d7beb3d2650610f1f8c7cfc,0xfbb1b73c4f0bda4f67dca266ce6ef42f520fbb98,0x7071f121c038a98f8a7d485648a27fcd48891ba8,0,0,call,0x,27.49271032,None
4265480,1505208570,0x24751ad328550a3e6b2da18e2e5e82a16026bade022a689a80eaba884641f43a,0xfbb1b73c4f0bda4f67dca266ce6ef42f520fbb98,0x7071f121c038a98f8a7d485648a27fcd48891ba8,0,0,call,0x,32.75411773,None
4265570,1505210713,0x0000b3aba6ae99b756b2633289b4b5cb7fcc229a5bb8e6bb729ec48cd1f92259,0xfbb1b73c4f0bda4f67dca266ce6ef42f520fbb98,0x7071f121c038a98f8a7d485648a27fcd48891ba8,0,0,call,0x,31.72401401,None
4265827,1505216853,0xa6aa3886c282948a4ed45f6af6556195e1d93d0745e42a2542d4acfca53e5b60,0xfbb1b73c4f0bda4f67dca266ce6ef42f520fbb98,0x7071f121c038a98f8a7d485648a27fcd48891ba8,0,0,call,0x,25.26681224,None
4266079,1505222679,0xe8c1a4ec05ffeaf7ca61367cb91a8d19082ac06e3c2c4b36c4e447616fe1eea8,0xfbb1b73c4f0bda4f67dca266ce6ef42f520fbb98,0x7071f121c038a98f8a7d485648a27fcd48891ba8,0,0,call,0x,24.95216183,None
4266172,1505225008,0xd3954a35c880454803cc2eb5d05abd031965dfbb21a60b85c72ba93dc9e199c5,0xfbb1b73c4f0bda4f67dca266ce6ef42f520fbb98,0x7071f121c038a98f8a7d485648a27fcd48891ba8,0,0,call,0x,23.751269980000004,None
4266581,1505235326,0x225a574dfbb466eda925d3ff343068763c443f5155ba86a3f1e4d42918479ecf,0xfbb1b73c4f0bda4f67dca266ce6ef42f520fbb98,0x7071f121c038a98f8a7d485648a27fcd48891ba8,0,0,call,0x,24.35504628,None
4268756,1505288014,0xa2e6bb5f2af37769f087b29c4e1b74188b77e213f627739d9b3edaaa3bb05b01,0xfbb1b73c4f0bda4f67dca266ce6ef42f520fbb98,0x7071f121c038a98f8a7d485648a27fcd48891ba8,0,0,call,0x,25.38286149,None
4269026,1505294665,0x8afdb8c1fa43ebf20353d4518d6f3acb1670bd3270cd5026ffd5402015621f22,0xfbb1b73c4f0bda4f67dca266ce6ef42f520fbb98,0x7071f121c038a98f8a7d485648a27fcd48891ba8,0,0,call,0x,40.55032032,None
4269102,1505296691,0x61d015c0cd09228190253f9e26dc1168b272287b689a8bee3145435fad079350,0xfbb1b73c4f0bda4f67dca266ce6ef42f520fbb98,0x7071f121c038a98f8a7d485648a27fcd48891ba8,0,0,call,0x,40.7808425,None
4269360,1505302483,0x4757bc8866c374db0671231678204344329cc8e51af6b8734be1a21c79275a45,0xfbb1b73c4f0bda4f67dca266ce6ef42f520fbb98,0x7071f121c038a98f8a7d485648a27fcd48891ba8,0,0,call,0x,40.51029742,None
4269383,1505303127,0x788754f86e897a88f8987accd6e366150afae49382d6087bd8e6b4eb4789e7d2,0xfbb1b73c4f0bda4f67dca266ce6ef42f520fbb98,0x7071f121c038a98f8a7d485648a27fcd48891ba8,0,0,call,0x,25.858468620000004,None
4269568,1505307527,0x9cfa3f51c2331d53ff43387ae20ebfe0fde09bb8b52c3fa9524616941cc0de92,0xfbb1b73c4f0bda4f67dca266ce6ef42f520fbb98,0x7071f121c038a98f8a7d485648a27fcd48891ba8,0,0,call,0x,28.423780999999998,None
4269578,1505307823,0x5d6625844b053e0e2141fe91996d4b6affea7645532c5462930d5a76a4b417e2,0xfbb1b73c4f0bda4f67dca266ce6ef42f520fbb98,0x7071f121c038a98f8a7d485648a27fcd48891ba8,0,0,call,0x,31.833021999999996,None
4269800,1505313438,0x772af3b07db0b04f23d3c8c3ed142d57f5f3fd4fa7cbb189a9fd1ae632b85b9f,0xfbb1b73c4f0bda4f67dca266ce6ef42f520fbb98,0x7071f121c038a98f8a7d485648a27fcd48891ba8,0,0,call,0x,42.79295941,None
4269960,1505316954,0xd5b9917f7395669c4ecb5278e83a01481adbd7a6c8e282d5e257057c8b1ab2ea,0xfbb1b73c4f0bda4f67dca266ce6ef42f520fbb98,0x7071f121c038a98f8a7d485648a27fcd48891ba8,0,0,call,0x,45.32368525,None
4270013,1505318132,0x53d774865996c5136e4ff5ba4481d177c0a85e0ec3a372bf53f7c38912d21a21,0xfbb1b73c4f0bda4f67dca266ce6ef42f520fbb98,0x7071f121c038a98f8a7d485648a27fcd48891ba8,0,0,call,0x,24.01087572,None
4270050,1505319223,0x19ec5fe2df63f70a2cca49eee8793ec91d135b242635bd26c2024917b3777c63,0xfbb1b73c4f0bda4f67dca266ce6ef42f520fbb98,0x7071f121c038a98f8a7d485648a27fcd48891ba8,0,0,call,0x,30.63012254,None
4270179,1505322168,0xb5758775249656061195ffb7187e01ee30ad081e21ca9ec8db1f79fc4a2846be,0xfbb1b73c4f0bda4f67dca266ce6ef42f520fbb98,0x7071f121c038a98f8a7d485648a27fcd48891ba8,0,0,call,0x,64.57065823,None
4270201,1505322703,0xb876151bd7b9da4d1441c4ba17409242ce0dd8ce2fc244b248718dae47279a64,0xfbb1b73c4f0bda4f67dca266ce6ef42f520fbb98,0x7071f121c038a98f8a7d485648a27fcd48891ba8,0,0,call,0x,41.05570944,None
4270282,1505324798,0x41b8d10b74bfd6bfda8724fd31c9565275674693022cb9c353e62452de70d654,0xfbb1b73c4f0bda4f67dca266ce6ef42f520fbb98,0x7071f121c038a98f8a7d485648a27fcd48891ba8,0,0,call,0x,27.25414844,None
4270349,1505326409,0x19343bad4665a417c607dfdce0e954614749ea1fdfd8a64d6ac47d2dce4873b1,0xfbb1b73c4f0bda4f67dca266ce6ef42f520fbb98,0x7071f121c038a98f8a7d485648a27fcd48891ba8,0,0,call,0x,58.83193318,None
4270455,1505328964,0x5498568e7a3e963321d8a109e4b982b87118f079ff7a602141020fe4600560a4,0xfbb1b73c4f0bda4f67dca266ce6ef42f520fbb98,0x7071f121c038a98f8a7d485648a27fcd48891ba8,0,0,call,0x,24.59037199,None
4270542,1505330776,0xe1191d999b2d63949ec6da11ad6eceec18f398a92d3c09c19d010812a9cc4b6b,0xfbb1b73c4f0bda4f67dca266ce6ef42f520fbb98,0x7071f121c038a98f8a7d485648a27fcd48891ba8,0,0,call,0x,29.13303272,None
4270655,1505333615,0x85c0ec24dd5ce7cd7f6f927368399979f8dee726863868289b365a3e16b56dca,0xfbb1b73c4f0bda4f67dca266ce6ef42f520fbb98,0x7071f121c038a98f8a7d485648a27fcd48891ba8,0,0,call,0x,61.09483878,None
4270709,1505334911,0xa0bd1da9a7ecc85ffe89165db884ad748ca0d0f3a76428198155896fcd3f09f5,0xfbb1b73c4f0bda4f67dca266ce6ef42f520fbb98,0x7071f121c038a98f8a7d485648a27fcd48891ba8,0,0,call,0x,26.47855104,None
4270768,1505336633,0x4155f7ef8483fcf4b71b6193e78cf6d36073a87bc698a8f8f1fa51945fa50f1c,0xfbb1b73c4f0bda4f67dca266ce6ef42f520fbb98,0x7071f121c038a98f8a7d485648a27fcd48891ba8,0,0,call,0x,27.1619316,None
4270840,1505338604,0x4528dcf6f93706308954cb8c685f8d1ab4f1427367259657ea52f5a3bad8382a,0xfbb1b73c4f0bda4f67dca266ce6ef42f520fbb98,0x7071f121c038a98f8a7d485648a27fcd48891ba8,0,0,call,0x,24.28302914,None
4270980,1505342021,0x6ec8644e3343c9dd6b8a3519377758588055a888e0e0f368e55b2a1c67daa101,0xfbb1b73c4f0bda4f67dca266ce6ef42f520fbb98,0x7071f121c038a98f8a7d485648a27fcd48891ba8,0,0,call,0x,28.13751385,None
4271076,1505344342,0xa8fce0e80c63b82958c3084bce169e31dc9eeed9e0ccf27e989856ad35e2b925,0xfbb1b73c4f0bda4f67dca266ce6ef42f520fbb98,0x7071f121c038a98f8a7d485648a27fcd48891ba8,0,0,call,0x,28.64478625,None
4271130,1505345673,0x216ff30078713e547b5c5c2cb4675f134edbadc2f283b0158af0162042d0e2e1,0xfbb1b73c4f0bda4f67dca266ce6ef42f520fbb98,0x7071f121c038a98f8a7d485648a27fcd48891ba8,0,0,call,0x,41.52330494,None
4272063,1505367892,0xc22bf39f0861d9293ac689ec260264ba047c9c670db7550e6611d17f9902e7b1,0xfbb1b73c4f0bda4f67dca266ce6ef42f520fbb98,0x7071f121c038a98f8a7d485648a27fcd48891ba8,0,0,call,0x,56.07744877,None
4272258,1505372747,0x540b59526621edb32f9f0b00bdf7038124fb5c5240952fb1ad94f0dafffcf6b6,0xfbb1b73c4f0bda4f67dca266ce6ef42f520fbb98,0x7071f121c038a98f8a7d485648a27fcd48891ba8,0,0,call,0x,31.21066301,None
4277002,1505486143,0xa295dd8bf9c2755827b1811a408e67486aeabdfdd87492c2304d5b048b04068b,0xfbb1b73c4f0bda4f67dca266ce6ef42f520fbb98,0x7071f121c038a98f8a7d485648a27fcd48891ba8,0,0,call,0x,81.29276032,None
4277038,1505487350,0x8b459f50449961c447e68eef7919e3c124df9e32c6e028c7407a0d0b3171d11f,0xfbb1b73c4f0bda4f67dca266ce6ef42f520fbb98,0x7071f121c038a98f8a7d485648a27fcd48891ba8,0,0,call,0x,84.20369022999998,None
4277050,1505487750,0x6a8977ba1cb04046703b8d9fc2b838db3f47c31021b8d0261d4eeffe6c9e045d,0xfbb1b73c4f0bda4f67dca266ce6ef42f520fbb98,0x7071f121c038a98f8a7d485648a27fcd48891ba8,0,0,call,0x,37.80771004,None
4277095,1505488929,0x1bb58984b5da5ec000ec5a042135ba798920a4210bc5b281e27490e1dfcdc961,0xfbb1b73c4f0bda4f67dca266ce6ef42f520fbb98,0x7071f121c038a98f8a7d485648a27fcd48891ba8,0,0,call,0x,49.43885615,None
4277206,1505491388,0xad06a232090062619ddfe032b0a44ca43d32b55257cc4d4edd2da2515962cd96,0xfbb1b73c4f0bda4f67dca266ce6ef42f520fbb98,0x7071f121c038a98f8a7d485648a27fcd48891ba8,0,0,call,0x,50.49311025,None
4277229,1505491909,0xa6c04eec9c62584b2d03f1d45388d9181addca93a9118953bdbfec809a153132,0xfbb1b73c4f0bda4f67dca266ce6ef42f520fbb98,0x7071f121c038a98f8a7d485648a27fcd48891ba8,0,0,call,0x,58.03878364000001,None
4277300,1505493386,0x506e5b8d3ed531e07a19e4e23bb43eeeaf3be444146a20dff198441cc090e124,0xfbb1b73c4f0bda4f67dca266ce6ef42f520fbb98,0x7071f121c038a98f8a7d485648a27fcd48891ba8,0,0,call,0x,46.61110552,None
4277359,1505494878,0x92e9e98da1311f39d9d196914d271e4eef87ae1b0bda621c760f394a3ba44820,0xfbb1b73c4f0bda4f67dca266ce6ef42f520fbb98,0x7071f121c038a98f8a7d485648a27fcd48891ba8,0,0,call,0x,53.57328293000001,None
4277467,1505497548,0xde8de47329f144183ecab464975ba91da65819c30144f756a90dad2fb1dab9a8,0xfbb1b73c4f0bda4f67dca266ce6ef42f520fbb98,0x7071f121c038a98f8a7d485648a27fcd48891ba8,0,0,call,0x,45.66449409,None
4277558,1505499824,0xf8e2494bd0b52fedaaf54781e29103e86d12225e96ec0e2aa2a4948034b170a2,0xfbb1b73c4f0bda4f67dca266ce6ef42f520fbb98,0x7071f121c038a98f8a7d485648a27fcd48891ba8,0,0,call,0x,53.87655299,None
4277578,1505500519,0xc7a72da3ac987ecf031a9b48961281f08448952dedc1844bdb9c57c481511eae,0xfbb1b73c4f0bda4f67dca266ce6ef42f520fbb98,0x7071f121c038a98f8a7d485648a27fcd48891ba8,0,0,call,0x,33.79711445,None
4277655,1505502707,0x0dd57501f4ca1b434cd392c1a050a278c268afb6d3ebae76c80e411f3032b1d2,0xfbb1b73c4f0bda4f67dca266ce6ef42f520fbb98,0x7071f121c038a98f8a7d485648a27fcd48891ba8,0,0,call,0x,36.07765578,None
4277855,1505507044,0x19f025062ba71eb66d02fcc95618896e70b1943678661793837616a058bb346f,0xfbb1b73c4f0bda4f67dca266ce6ef42f520fbb98,0x7071f121c038a98f8a7d485648a27fcd48891ba8,0,0,call,0x,30.21331802,None
4278013,1505510648,0x083d43f2be1d80127010c8ba64019afead69a4af62d995fee53f7c396f12a6b9,0xfbb1b73c4f0bda4f67dca266ce6ef42f520fbb98,0x7071f121c038a98f8a7d485648a27fcd48891ba8,0,0,call,0x,25.11085702,None
4278136,1505513487,0x126f380bd331f4b912133f375a697be8491a7dece2fef2b1c8e7c80aad94152f,0xfbb1b73c4f0bda4f67dca266ce6ef42f520fbb98,0x7071f121c038a98f8a7d485648a27fcd48891ba8,0,0,call,0x,24.01140018,None
4278351,1505518544,0x15ad677b1c7910ed88dafb171575deb656ec3ddfbcedb56b18673a20fcea0a00,0xfbb1b73c4f0bda4f67dca266ce6ef42f520fbb98,0x7071f121c038a98f8a7d485648a27fcd48891ba8,0,0,call,0x,28.44478832,None
4278371,1505519059,0xbff51f7b61e5a4250c31acdf9fa8d7571c316f3382f46db0695de51a6bd9b21d,0xfbb1b73c4f0bda4f67dca266ce6ef42f520fbb98,0x7071f121c038a98f8a7d485648a27fcd48891ba8,0,0,call,0x,42.86635237,None
4278749,1505528000,0x03185ce62e884e5c0f9fd874587d883ff851a6fe1743a129c3672e236c04360c,0xfbb1b73c4f0bda4f67dca266ce6ef42f520fbb98,0x7071f121c038a98f8a7d485648a27fcd48891ba8,0,0,call,0x,32.64693256,None
4279234,1505539392,0xa7d71ba8b83ac9639cee63a088628b2598cf740d575c1a56e59b226cc94b65df,0xfbb1b73c4f0bda4f67dca266ce6ef42f520fbb98,0x7071f121c038a98f8a7d485648a27fcd48891ba8,0,0,call,0x,35.47017758000001,None
4279408,1505543713,0x891e228f5472b33822c0ce140b6afc1cf61ae707409e3f52f9c169eeaa4b86a5,0xfbb1b73c4f0bda4f67dca266ce6ef42f520fbb98,0x7071f121c038a98f8a7d485648a27fcd48891ba8,0,0,call,0x,61.00802661,None
4279455,1505544955,0x8cc4f87f73e41c5d1adc8c3987841374f9c9904cfaa7020e4088381349573892,0xfbb1b73c4f0bda4f67dca266ce6ef42f520fbb98,0x7071f121c038a98f8a7d485648a27fcd48891ba8,0,0,call,0x,47.0413381,None
4279617,1505549030,0xb10ce8668e49fc7f688f5023c1a1c7929d77fd36df5dc753fa38c59591cde00c,0xfbb1b73c4f0bda4f67dca266ce6ef42f520fbb98,0x7071f121c038a98f8a7d485648a27fcd48891ba8,0,0,call,0x,97.13067327,None
4279751,1505552273,0x7d204ad498fb222b413db781b6ffe8aa3b44763d47d05f6e47317d154dc33e93,0xfbb1b73c4f0bda4f67dca266ce6ef42f520fbb98,0x7071f121c038a98f8a7d485648a27fcd48891ba8,0,0,call,0x,27.64008572,None
4279801,1505553892,0x9f5cdd60fa9d2398f7576249b2fb414bfc1dcafd22103f4d7e7b8e7dcc665bb9,0xfbb1b73c4f0bda4f67dca266ce6ef42f520fbb98,0x7071f121c038a98f8a7d485648a27fcd48891ba8,0,0,call,0x,38.60325219,None
4279952,1505557471,0x3eba915647e6df9229757d915d7bc57637999668a2bed5127826fdbc21038e12,0xfbb1b73c4f0bda4f67dca266ce6ef42f520fbb98,0x7071f121c038a98f8a7d485648a27fcd48891ba8,0,0,call,0x,26.52582854000001,None
4285015,1505678530,0xc6badf1fd847621b3cf39d554cd6797c15f59c0f6c36802cb8ef3a8d0480d4d7,0xfbb1b73c4f0bda4f67dca266ce6ef42f520fbb98,0x7071f121c038a98f8a7d485648a27fcd48891ba8,0,0,call,0x,43.41936942,None
4285328,1505685785,0x30a910e84edff3472d40d6627a7596cba6254d75a014820bfd2c8f440acd6ab3,0xfbb1b73c4f0bda4f67dca266ce6ef42f520fbb98,0x7071f121c038a98f8a7d485648a27fcd48891ba8,0,0,call,0x,39.70320036,None
4286665,1505718138,0xb059d9889905263d2bae0d81deae772a18a0de45f507655752b0e71322b2574f,0xfbb1b73c4f0bda4f67dca266ce6ef42f520fbb98,0x7071f121c038a98f8a7d485648a27fcd48891ba8,0,0,call,0x,28.91673363,None
4286807,1505721715,0xac684823c907bec1a24224f0a8d688c5e3bdd896b8c60d2d3528134f0bf8a158,0xfbb1b73c4f0bda4f67dca266ce6ef42f520fbb98,0x7071f121c038a98f8a7d485648a27fcd48891ba8,0,0,call,0x,42.79503212,None
4287436,1505736134,0x806dd2c776eb5a395ca6f4352e5726419514b81456cf0c002b0674830e5a78b1,0xfbb1b73c4f0bda4f67dca266ce6ef42f520fbb98,0x7071f121c038a98f8a7d485648a27fcd48891ba8,0,0,call,0x,64.84355033,None
4287585,1505739679,0xa38840b4773769aaad84fe7c0ceb2b89e1dc16b014e4340f93017a6bcc84ce2b,0xfbb1b73c4f0bda4f67dca266ce6ef42f520fbb98,0x7071f121c038a98f8a7d485648a27fcd48891ba8,0,0,call,0x,29.565246000000002,None
4287868,1505747152,0x65685938ee86e9fc9a4a25b753c10b1e6aee48296c59cfddcb2bbe22bdf69f92,0xfbb1b73c4f0bda4f67dca266ce6ef42f520fbb98,0x7071f121c038a98f8a7d485648a27fcd48891ba8,0,0,call,0x,29.07862092,None
4288168,1505754102,0x39267ebc151eb49105644951994d76c37d99d0afa1857fb764e4d660281612f2,0xfbb1b73c4f0bda4f67dca266ce6ef42f520fbb98,0x7071f121c038a98f8a7d485648a27fcd48891ba8,0,0,call,0x,56.84395444,None
4307914,1506269032,0xcec6f31c4476076209f062ef67c6cf5b623c581a293255b5de71304b7c26edf8,0xfbb1b73c4f0bda4f67dca266ce6ef42f520fbb98,0x7071f121c038a98f8a7d485648a27fcd48891ba8,0,0,call,0x,302.54537587,None
4308290,1506279754,0x50ef956fc4ecce4d9ef10d677b0416ed3424dda22fe184a466fd2e8cf2da39c8,0xfbb1b73c4f0bda4f67dca266ce6ef42f520fbb98,0x7071f121c038a98f8a7d485648a27fcd48891ba8,0,0,call,0x,44.59623259,None
4308541,1506287088,0x6f934957c4921bf17fcad1a7d1b61cf0f9fea48bfd4acccf8d945e02257f3046,0xfbb1b73c4f0bda4f67dca266ce6ef42f520fbb98,0x7071f121c038a98f8a7d485648a27fcd48891ba8,0,0,call,0x,31.52205555,None
4329890,1506931335,0x8f842521eb729fed25a235e6c84ac848bb86a37865c73d6128a6750886faeb0e,0xfbb1b73c4f0bda4f67dca266ce6ef42f520fbb98,0x7071f121c038a98f8a7d485648a27fcd48891ba8,0,0,call,0x,25.13508811,None
4330146,1506938984,0x3d1145953a68372d7dbba8a947532ef7052065763fc5d25490fcb15a4ed35b3d,0xfbb1b73c4f0bda4f67dca266ce6ef42f520fbb98,0x7071f121c038a98f8a7d485648a27fcd48891ba8,0,0,call,0x,23.28336511,None
4330269,1506942180,0xd24d7f4cc34df792e0919bd34de2c3e8f5dea95fa73b59f3bc94c04ef4055c57,0xfbb1b73c4f0bda4f67dca266ce6ef42f520fbb98,0x7071f121c038a98f8a7d485648a27fcd48891ba8,0,0,call,0x,62.28567635,None
4330374,1506945813,0x7952bd440d353b84e397c52b501e81dc5ffce232fd028bb56b1cf3273a4c47f6,0xfbb1b73c4f0bda4f67dca266ce6ef42f520fbb98,0x7071f121c038a98f8a7d485648a27fcd48891ba8,0,0,call,0x,27.98235424,None
4330950,1506963825,0x1aa4cefba902016deea4e15ec28357fdae9a286bf631660bf25865c07128d5ea,0xfbb1b73c4f0bda4f67dca266ce6ef42f520fbb98,0x7071f121c038a98f8a7d485648a27fcd48891ba8,0,0,call,0x,27.81787946,None
4331189,1506970985,0x4b4f8686a29febf11618d1a3714f17746bd3e8e2604810231dd4d17a51d697d1,0xfbb1b73c4f0bda4f67dca266ce6ef42f520fbb98,0x7071f121c038a98f8a7d485648a27fcd48891ba8,0,0,call,0x,47.2290026,None
4331431,1506978105,0x2540a55241a8221bb0e1e9b935b3f5a58ab30f97bf983e1ecff09f4fce0e4541,0xfbb1b73c4f0bda4f67dca266ce6ef42f520fbb98,0x7071f121c038a98f8a7d485648a27fcd48891ba8,0,0,call,0x,24.83100251,None
4332844,1507021322,0xaaa83dfa55a977845d5507742a3b88ba61b420060a7da603e7eb053f0443be6f,0xfbb1b73c4f0bda4f67dca266ce6ef42f520fbb98,0x7071f121c038a98f8a7d485648a27fcd48891ba8,0,0,call,0x,30.075251,None
4332964,1507024983,0xf6ab45a8c289a1beb3e3cc8731d10408bdcc0895a2b6c4c9878c86721c0328b5,0xfbb1b73c4f0bda4f67dca266ce6ef42f520fbb98,0x7071f121c038a98f8a7d485648a27fcd48891ba8,0,0,call,0x,24.01243196,None
4333192,1507032431,0x8b416c90b2edeb41e4f1f9656cceb68f39de318cf549d7950295a80dafebbc09,0xfbb1b73c4f0bda4f67dca266ce6ef42f520fbb98,0x7071f121c038a98f8a7d485648a27fcd48891ba8,0,0,call,0x,26.18620384,None
4333669,1507046700,0x147eb6ea9a0696a06b5ee6bc7fd3e2fd83d2e26effb588e8ffd3b4f12deff07e,0xfbb1b73c4f0bda4f67dca266ce6ef42f520fbb98,0x7071f121c038a98f8a7d485648a27fcd48891ba8,0,0,call,0x,38.28001443,None
4333914,1507053830,0x9fab5b3da3669892048ea743e45aebb0c93a204910b00cc274ed2e27c721b44f,0xfbb1b73c4f0bda4f67dca266ce6ef42f520fbb98,0x7071f121c038a98f8a7d485648a27fcd48891ba8,0,0,call,0x,40.97928952,None
4334031,1507057389,0xffeb1c346dd1e8d4fb9f3f7d8965c372bf809f5f7f137887a71f1139e651b9e4,0xfbb1b73c4f0bda4f67dca266ce6ef42f520fbb98,0x7071f121c038a98f8a7d485648a27fcd48891ba8,0,0,call,0x,26.34623475,None
4334145,1507060920,0xb9601dd1d99012168e4433a84378af07281e786ffdc165fb340beedd8cf4349e,0xfbb1b73c4f0bda4f67dca266ce6ef42f520fbb98,0x7071f121c038a98f8a7d485648a27fcd48891ba8,0,0,call,0x,37.9302891,None
4334271,1507064654,0xef9254bf58b60db770d6d3eb3e6a343547007bec12229e99ef161c0261764fce,0xfbb1b73c4f0bda4f67dca266ce6ef42f520fbb98,0x7071f121c038a98f8a7d485648a27fcd48891ba8,0,0,call,0x,42.85066585,None
4334517,1507071765,0x642cacd0bb55e0e075a149026a8369d898ab19bc8256fdbfe8a98e4f46fc222e,0xfbb1b73c4f0bda4f67dca266ce6ef42f520fbb98,0x7071f121c038a98f8a7d485648a27fcd48891ba8,0,0,call,0x,27.40168857,None
4335109,1507089719,0x241bea3cb40224f0cfe1831ad7d43a362205008c48d31f80d30dcffbf431fa04,0xfbb1b73c4f0bda4f67dca266ce6ef42f520fbb98,0x7071f121c038a98f8a7d485648a27fcd48891ba8,0,0,call,0x,45.42715024,None
4336068,1507118659,0xdfc5640abf47b8fa1286a9397fe3c844590405f6153b71a43dbe9036727d5d35,0xfbb1b73c4f0bda4f67dca266ce6ef42f520fbb98,0x7071f121c038a98f8a7d485648a27fcd48891ba8,0,0,call,0x,23.79392967,None
4336319,1507125774,0xd1ad40ea598b55d13110b94d3840c6a7fadf8ed1c0f591d05c2e5c3bc745f647,0xfbb1b73c4f0bda4f67dca266ce6ef42f520fbb98,0x7071f121c038a98f8a7d485648a27fcd48891ba8,0,0,call,0x,37.07313919,None
4336458,1507129655,0x79416adf4b97a8f5263ab54c1167106144b3e26a7689ae2ffa1102cd5249fc8f,0xfbb1b73c4f0bda4f67dca266ce6ef42f520fbb98,0x7071f121c038a98f8a7d485648a27fcd48891ba8,0,0,call,0x,92.0092009,None
4336692,1507136777,0x63c47254d514852cf7eb635d062033d0f47ea1739e710005f2a63802d998e375,0xfbb1b73c4f0bda4f67dca266ce6ef42f520fbb98,0x7071f121c038a98f8a7d485648a27fcd48891ba8,0,0,call,0x,24.1478056,None
4336925,1507143848,0x3c2f4598e2033cb81a491efb641da0a164acb1480d7aaf966fccc8f647a4748f,0xfbb1b73c4f0bda4f67dca266ce6ef42f520fbb98,0x7071f121c038a98f8a7d485648a27fcd48891ba8,0,0,call,0x,26.69178365,None
4337179,1507151475,0xbdcf23a45f0e0ca375a93572896f72b02aaa56ff6ca3762b32a217aa5cc83f42,0xfbb1b73c4f0bda4f67dca266ce6ef42f520fbb98,0x7071f121c038a98f8a7d485648a27fcd48891ba8,0,0,call,0x,30.71157806,None
4337521,1507161764,0xe83da8928238dc83ddb6a4a644b0f1c45d94ef672add42d139a5ef5ab35e0af2,0xfbb1b73c4f0bda4f67dca266ce6ef42f520fbb98,0x7071f121c038a98f8a7d485648a27fcd48891ba8,0,0,call,0x,45.23422453000001,None
4348313,1507485963,0xa2fba3f9173638a6381d3e9cea2eaf8fb2beffcf7ac1011f6f3c7dddb86506ca,0xfbb1b73c4f0bda4f67dca266ce6ef42f520fbb98,0x7071f121c038a98f8a7d485648a27fcd48891ba8,0,0,call,0x,57.27468893,None
4348692,1507496576,0x0b6d2c7b00dd91a195f938959088d0a99e2177c41d2bb37342fad6585f89a4b4,0xfbb1b73c4f0bda4f67dca266ce6ef42f520fbb98,0x7071f121c038a98f8a7d485648a27fcd48891ba8,0,0,call,0x,50.80135929,None
4349656,1507525342,0x0978e4da2dc1c482a9f1c6c2ca7470ad05864e85abc95cc8484bdb9ef7390d79,0xfbb1b73c4f0bda4f67dca266ce6ef42f520fbb98,0x7071f121c038a98f8a7d485648a27fcd48891ba8,0,0,call,0x,25.37767926,None
4350863,1507561438,0x381437a8ee44edfdad701920c8b8843a61e5b6f679a5f7c1c3b528984b8083ee,0xfbb1b73c4f0bda4f67dca266ce6ef42f520fbb98,0x7071f121c038a98f8a7d485648a27fcd48891ba8,0,0,call,0x,26.98412298,None
4353962,1507655196,0xa1bee842787bc7545e5440b2c8a091ffa7a5fefacdfb71ee70520be8afd42b38,0xfbb1b73c4f0bda4f67dca266ce6ef42f520fbb98,0x7071f121c038a98f8a7d485648a27fcd48891ba8,0,0,call,0x,44.42169708,None
4354198,1507662168,0xc1a065c5b45c1ddde96301dc863efe581b756941f247db736b9b9db633bac00d,0xfbb1b73c4f0bda4f67dca266ce6ef42f520fbb98,0x7071f121c038a98f8a7d485648a27fcd48891ba8,0,0,call,0x,25.16977988,None
4354472,1507669447,0xd19bd34121053e9d0bde3255008c057f6e70ee15a9b38d1a2374e79a88551f34,0xfbb1b73c4f0bda4f67dca266ce6ef42f520fbb98,0x7071f121c038a98f8a7d485648a27fcd48891ba8,0,0,call,0x,31.80863816,None
4354714,1507676565,0xd0470993a22fa41ee1cbc530085aee48b3cffa26408245ae3dcdb16af3005c6c,0xfbb1b73c4f0bda4f67dca266ce6ef42f520fbb98,0x7071f121c038a98f8a7d485648a27fcd48891ba8,0,0,call,0x,47.04503525000001,None
4359015,1507806178,0xa6b65e27d14e32247fd329b178397be2e2a1cbedfdf6583904e671d89f9d8901,0xfbb1b73c4f0bda4f67dca266ce6ef42f520fbb98,0x7071f121c038a98f8a7d485648a27fcd48891ba8,0,0,call,0x,36.44220614,None
4359137,1507809743,0x92c948d0158d542ee08dc17cf236589e96405490adb88ddf9090d69074833abf,0xfbb1b73c4f0bda4f67dca266ce6ef42f520fbb98,0x7071f121c038a98f8a7d485648a27fcd48891ba8,0,0,call,0x,302.3084868800001,None
4361270,1507871672,0xa547a4aee2d5d20edf4b52e13c09008ac4074c78e40446de72267234f5dfd956,0xfbb1b73c4f0bda4f67dca266ce6ef42f520fbb98,0x7071f121c038a98f8a7d485648a27fcd48891ba8,0,0,call,0x,26.30564363,None
4361495,1507878258,0x77290a4c35e0d98ece0ae67dde02b44ea1863c4a131400f851272a4cf912a232,0xfbb1b73c4f0bda4f67dca266ce6ef42f520fbb98,0x7071f121c038a98f8a7d485648a27fcd48891ba8,0,0,call,0x,41.65286162,None
4361619,1507881802,0xe00664edb684b4b1a88d7f8023a821619821849b6a3ef0f50fb6df612e970e2b,0xfbb1b73c4f0bda4f67dca266ce6ef42f520fbb98,0x7071f121c038a98f8a7d485648a27fcd48891ba8,0,0,call,0x,255.38144875,None
4361741,1507885382,0x462b41e3c4cdd0cec78611c1c23a7bf791ffb951de5e6267c667fbe6d5bf4b39,0xfbb1b73c4f0bda4f67dca266ce6ef42f520fbb98,0x7071f121c038a98f8a7d485648a27fcd48891ba8,0,0,call,0x,33.69007433,None
4362241,1507899848,0xb18dc2540fc7dcabb4af6d65c1da1c23dfd4d8338680ae573a5e6b9167b67ecc,0xfbb1b73c4f0bda4f67dca266ce6ef42f520fbb98,0x7071f121c038a98f8a7d485648a27fcd48891ba8,0,0,call,0x,162.07739016,None
4363025,1507923389,0x85951aa6405ecbdc64337f31322231bcb8b527034ab321117ba11dcc2e8bc02e,0xfbb1b73c4f0bda4f67dca266ce6ef42f520fbb98,0x7071f121c038a98f8a7d485648a27fcd48891ba8,0,0,call,0x,0.32976397,None
4367398,1508054489,0xc894a4518ba805de63f4bf843251db6a094aae1e37c35adf7a522963f007b14f,0xfbb1b73c4f0bda4f67dca266ce6ef42f520fbb98,0x7071f121c038a98f8a7d485648a27fcd48891ba8,0,0,call,0x,61.42381891,None
4375675,1508223749,0x4238a83e6357989b28ec04349585fbdec47656fd1c3dd81594d571559e3ded1d,0xfbb1b73c4f0bda4f67dca266ce6ef42f520fbb98,0x7071f121c038a98f8a7d485648a27fcd48891ba8,0,0,call,0x,32.0321611,None
4376191,1508230951,0x164182021760073bab94ac184c9e66fcca5b2477d0ab3ae861482f43acd42178,0xfbb1b73c4f0bda4f67dca266ce6ef42f520fbb98,0x7071f121c038a98f8a7d485648a27fcd48891ba8,0,0,call,0x,66.11270688,None
4376413,1508234502,0x0cb368ab3f7c69a3b970d3867ca40e84cb4b8f26d06ac573a38d60506b21dbcf,0xfbb1b73c4f0bda4f67dca266ce6ef42f520fbb98,0x7071f121c038a98f8a7d485648a27fcd48891ba8,0,0,call,0x,42.33830978,None
4377647,1508252553,0x6d8d47c8ab4b5141febf190a07c3a0a15ed1e90466ef9a6a11fdd54210a74e94,0xfbb1b73c4f0bda4f67dca266ce6ef42f520fbb98,0x7071f121c038a98f8a7d485648a27fcd48891ba8,0,0,call,0x,33.034240000000004,None
4377892,1508256112,0xe699af9cbfd8d5a8898341984c8d287b4f942fdde4238dfe89f0540099ba28b0,0xfbb1b73c4f0bda4f67dca266ce6ef42f520fbb98,0x7071f121c038a98f8a7d485648a27fcd48891ba8,0,0,call,0x,35.10207773,None
4379172,1508274156,0x86f486422f9e6411207e2c50ed486f2dbb05df0ab5e7f823d482c909890fb5bb,0xfbb1b73c4f0bda4f67dca266ce6ef42f520fbb98,0x7071f121c038a98f8a7d485648a27fcd48891ba8,0,0,call,0x,29.982013199999997,None
4379410,1508277679,0x3173f29574b2d2e2efbbd663fef20321c697430f0fcbdfd37504d5f6a332820d,0xfbb1b73c4f0bda4f67dca266ce6ef42f520fbb98,0x7071f121c038a98f8a7d485648a27fcd48891ba8,0,0,call,0x,25.98257751,None
4380212,1508288540,0xc5014eb8452df54d7a4105cafbd0245909c0526271d3901cbeb54b55ad02088f,0xfbb1b73c4f0bda4f67dca266ce6ef42f520fbb98,0x7071f121c038a98f8a7d485648a27fcd48891ba8,0,0,call,0x,26.72441944,None
4381524,1508306569,0xb7dc492a4029917b68894ae20f17a961103f35d32a8bc8e3b5fd84ed0a614053,0xfbb1b73c4f0bda4f67dca266ce6ef42f520fbb98,0x7071f121c038a98f8a7d485648a27fcd48891ba8,0,0,call,0x,26.29760552,None
4382034,1508313778,0xeab2b8eb8a51df53343843e25b1de36aa2842b03bf45755a306f395366d7976e,0xfbb1b73c4f0bda4f67dca266ce6ef42f520fbb98,0x7071f121c038a98f8a7d485648a27fcd48891ba8,0,0,call,0x,47.35371201,None
4382294,1508317361,0xe8ff31f6603546bc755d9803109b592b361e53d5474379df93fc139c2c682f73,0xfbb1b73c4f0bda4f67dca266ce6ef42f520fbb98,0x7071f121c038a98f8a7d485648a27fcd48891ba8,0,0,call,0x,48.77129283,None
4382559,1508320964,0xe6bb2664dfc1d9e170e75937888a0fc74fcdbec862de6df59bcbb8ab537e1bf1,0xfbb1b73c4f0bda4f67dca266ce6ef42f520fbb98,0x7071f121c038a98f8a7d485648a27fcd48891ba8,0,0,call,0x,46.24202741000001,None
4383082,1508328183,0x9b9e85e9c69dd260b5f726f380d4e4b37752201cb1e06df08ceff235d65fad53,0xfbb1b73c4f0bda4f67dca266ce6ef42f520fbb98,0x7071f121c038a98f8a7d485648a27fcd48891ba8,0,0,call,0x,51.89090962,None
4383811,1508339009,0x770066577ec3ea9b453d23efa4b0c5488e24a13a4c03e8372400d141b84a728e,0xfbb1b73c4f0bda4f67dca266ce6ef42f520fbb98,0x7071f121c038a98f8a7d485648a27fcd48891ba8,0,0,call,0x,40.21961737,None
4384065,1508342574,0xc19b4f6bdfc0ee5c5da577191faf597f5d74c40163299e2aadcbbba40bbce060,0xfbb1b73c4f0bda4f67dca266ce6ef42f520fbb98,0x7071f121c038a98f8a7d485648a27fcd48891ba8,0,0,call,0x,75.84050885,None
4384568,1508349702,0x9a27683936b6126ac46aabd463d20189ae33887b0a99e97d34bb2060aaabd391,0xfbb1b73c4f0bda4f67dca266ce6ef42f520fbb98,0x7071f121c038a98f8a7d485648a27fcd48891ba8,0,0,call,0x,47.70777543,None
4384842,1508353357,0x54ba7ccd80d874846afeb8aa37edf7c0238446790b715e306af1a5a8cc3effe6,0xfbb1b73c4f0bda4f67dca266ce6ef42f520fbb98,0x7071f121c038a98f8a7d485648a27fcd48891ba8,0,0,call,0x,25.17005905,None
4385367,1508360575,0x823bf1a81b6e7624c4237de107f30f27fa10e05a2e38e5e4fdda53ea3944c66f,0xfbb1b73c4f0bda4f67dca266ce6ef42f520fbb98,0x7071f121c038a98f8a7d485648a27fcd48891ba8,0,0,call,0x,32.965148310000004,None
4385894,1508367773,0xdfb6e03a238b4de33358905b041aeb16e80ba4679771df5662fcb07143df3e47,0xfbb1b73c4f0bda4f67dca266ce6ef42f520fbb98,0x7071f121c038a98f8a7d485648a27fcd48891ba8,0,0,call,0x,23.07574117,None
4388267,1508400211,0x34ad3dda15175f2da2c46a7e1d506ea18154e2711a32978c2ed111154e08bee4,0xfbb1b73c4f0bda4f67dca266ce6ef42f520fbb98,0x7071f121c038a98f8a7d485648a27fcd48891ba8,0,0,call,0x,35.44949277,None
4388519,1508403715,0xe1f660b36fef4b809d8d566e75ad236f13770a109ef5589b1489fa042c33b54b,0xfbb1b73c4f0bda4f67dca266ce6ef42f520fbb98,0x7071f121c038a98f8a7d485648a27fcd48891ba8,0,0,call,0x,94.81937544,None
4389033,1508410964,0x2f55532f667e62d388b260a4bfcd29f6fb45d3d317d2b8d272ce7808821ee8b6,0xfbb1b73c4f0bda4f67dca266ce6ef42f520fbb98,0x7071f121c038a98f8a7d485648a27fcd48891ba8,0,0,call,0x,30.12148954,None
4390082,1508425324,0xaa931c78f37009d4bb7b58650fe4afce7d8f88998707bf4d73c7ada774b390ff,0xfbb1b73c4f0bda4f67dca266ce6ef42f520fbb98,0x7071f121c038a98f8a7d485648a27fcd48891ba8,0,0,call,0x,59.42560990000001,None
4394828,1508491607,0x144afcb1a48d3b28b7d66d6460e6c4ccf615e715ce4487f0dab8cae9d01b78f9,0xfbb1b73c4f0bda4f67dca266ce6ef42f520fbb98,0x7071f121c038a98f8a7d485648a27fcd48891ba8,0,0,call,0x,101.59497946,None
4395768,1508504593,0x31114b8bc987b369d33350463a9d54be0a74356b432c320fcb144a33b56ed910,0xfbb1b73c4f0bda4f67dca266ce6ef42f520fbb98,0x7071f121c038a98f8a7d485648a27fcd48891ba8,0,0,call,0x,39.83994445,None
4396282,1508511727,0x49c3cde0da36c172b7f465e2f6ed20a5bed65bae9ada04473e5e340242cc2314,0xfbb1b73c4f0bda4f67dca266ce6ef42f520fbb98,0x7071f121c038a98f8a7d485648a27fcd48891ba8,0,0,call,0x,44.91909552,None
4396520,1508515330,0x5757fd2ef324fd9098a8b29d6a21b841882fb1d4665209c066ddb288761d8104,0xfbb1b73c4f0bda4f67dca266ce6ef42f520fbb98,0x7071f121c038a98f8a7d485648a27fcd48891ba8,0,0,call,0x,88.00133324000002,None
4396789,1508518981,0x78e0dce6c137cb5e6d09cacf31216349cd00774fc5075d6d049231a3e1f701b0,0xfbb1b73c4f0bda4f67dca266ce6ef42f520fbb98,0x7071f121c038a98f8a7d485648a27fcd48891ba8,0,0,call,0x,88.48699217000002,None
4397600,1508529765,0x8e8938e1c8ea8f54551ef9b8e78ea3df6efcf6326b890e55ea6b91ba3c5fd85c,0xfbb1b73c4f0bda4f67dca266ce6ef42f520fbb98,0x7071f121c038a98f8a7d485648a27fcd48891ba8,0,0,call,0x,25.94529784,None
4397845,1508533377,0xaa3ed1df87b43177f2504b43e9c51fd3eca4a9c691d282622ba9c27224868e05,0xfbb1b73c4f0bda4f67dca266ce6ef42f520fbb98,0x7071f121c038a98f8a7d485648a27fcd48891ba8,0,0,call,0x,53.18650879,None
4398125,1508536916,0x1a27a971e5332e5b11cda59b8d69b3f28a748fc928885a5b1cbcbbb0940db6d0,0xfbb1b73c4f0bda4f67dca266ce6ef42f520fbb98,0x7071f121c038a98f8a7d485648a27fcd48891ba8,0,0,call,0x,33.21286825,None
4407581,1508666564,0x2935552907fbb0ff8decb3b10a2818cfcc7f06301d15f8dc95465ab948b78175,0xfbb1b73c4f0bda4f67dca266ce6ef42f520fbb98,0x7071f121c038a98f8a7d485648a27fcd48891ba8,0,0,call,0x,30.59352436,None
4408098,1508673714,0x0437aae57a791040d7d1f0c6ff464deac631b47383544bf80287b6f5c0b696f9,0xfbb1b73c4f0bda4f67dca266ce6ef42f520fbb98,0x7071f121c038a98f8a7d485648a27fcd48891ba8,0,0,call,0x,34.32196308,None
4408637,1508680962,0x8956fe4d945633fa920a3175b7d7597972a03850a83f10fde4434c26e51382ee,0xfbb1b73c4f0bda4f67dca266ce6ef42f520fbb98,0x7071f121c038a98f8a7d485648a27fcd48891ba8,0,0,call,0x,26.68941908,None
4409393,1508691763,0x64d5be75df782a2cf15b1a2166b0f98acaef594045d712a5d2294cb87f19c01d,0xfbb1b73c4f0bda4f67dca266ce6ef42f520fbb98,0x7071f121c038a98f8a7d485648a27fcd48891ba8,0,0,call,0x,36.05220028,None
4409639,1508695312,0x3e338064bc175fc5cc17d30e7e79edc29cde82fdd646a4a89202f0e23c17f875,0xfbb1b73c4f0bda4f67dca266ce6ef42f520fbb98,0x7071f121c038a98f8a7d485648a27fcd48891ba8,0,0,call,0x,37.56803699,None
4410123,1508702559,0xe85a025acf5399336267c5eb21fd7acef7bca2c8cfb2171977242b5227b4c991,0xfbb1b73c4f0bda4f67dca266ce6ef42f520fbb98,0x7071f121c038a98f8a7d485648a27fcd48891ba8,0,0,call,0x,33.6372902,None
4410637,1508709750,0x8838e7b392911053e194d224311a7aa6eb00b0944f289e256655289df14bd353,0xfbb1b73c4f0bda4f67dca266ce6ef42f520fbb98,0x7071f121c038a98f8a7d485648a27fcd48891ba8,0,0,call,0x,36.27211129,None
4410913,1508713302,0x7ceb68913d16c55eb2e47d8643bdbf32b997a55a4220a02cb3a8ca7f507a0e32,0xfbb1b73c4f0bda4f67dca266ce6ef42f520fbb98,0x7071f121c038a98f8a7d485648a27fcd48891ba8,0,0,call,0x,38.66328687,None
4412473,1508734930,0x113ff7c4b0389a3601db1b12ad3cc6700a1323ae7347a94e6b577debe068d94a,0xfbb1b73c4f0bda4f67dca266ce6ef42f520fbb98,0x7071f121c038a98f8a7d485648a27fcd48891ba8,0,0,call,0x,29.53002527,None
4414282,1508760154,0xf1db4efd671f00aae916c3f6152e09b6b86daf25cd578f5f92ece3f682f4c95c,0xfbb1b73c4f0bda4f67dca266ce6ef42f520fbb98,0x7071f121c038a98f8a7d485648a27fcd48891ba8,0,0,call,0x,30.269170399999997,None
4414518,1508763706,0x4fe98c5c37d3ba2b85b8e973ee7ff19b2cc840e0c7978db5fafa17b6adbbfc47,0xfbb1b73c4f0bda4f67dca266ce6ef42f520fbb98,0x7071f121c038a98f8a7d485648a27fcd48891ba8,0,0,call,0x,42.56151389,None
4414799,1508767389,0xb4a9138a5c1d87dbd37aa233e8d803d392be9619734afe5bdcaa510f006e29d2,0xfbb1b73c4f0bda4f67dca266ce6ef42f520fbb98,0x7071f121c038a98f8a7d485648a27fcd48891ba8,0,0,call,0x,56.20735053000001,None
4417422,1508803355,0xded505ff7c712ea15359394f6140f18cb996cf07617c194003ac7763b1cfadd5,0xfbb1b73c4f0bda4f67dca266ce6ef42f520fbb98,0x7071f121c038a98f8a7d485648a27fcd48891ba8,0,0,call,0x,24.86459059,None
4417716,1508806917,0xe5a353e1291ef9864f4421d69f34f42983300af991783e44ed6f9a9136886c03,0xfbb1b73c4f0bda4f67dca266ce6ef42f520fbb98,0x7071f121c038a98f8a7d485648a27fcd48891ba8,0,0,call,0x,29.20989725,None
4418220,1508814167,0xfef283b48ddca5c92aa1b58ceba9e11ad3b969f9a9ae550497cda264eb300641,0xfbb1b73c4f0bda4f67dca266ce6ef42f520fbb98,0x7071f121c038a98f8a7d485648a27fcd48891ba8,0,0,call,0x,48.19861135,None
4418962,1508824989,0xff0b752e91f5ea9cfe2a6cde7cbf6df2e3cc604c9a40608e9599eed1e8a35f5c,0xfbb1b73c4f0bda4f67dca266ce6ef42f520fbb98,0x7071f121c038a98f8a7d485648a27fcd48891ba8,0,0,call,0x,39.09021985,None
4419231,1508828502,0xe879e035910a7693c3cafaeac8910d4d0663974fd7bd3990d40edc7e67efc7d1,0xfbb1b73c4f0bda4f67dca266ce6ef42f520fbb98,0x7071f121c038a98f8a7d485648a27fcd48891ba8,0,0,call,0x,36.52656041,None
4419489,1508832230,0x367c62566e5ddae79d8763b77083318102348a811cc62f8ab98b2f17c2cc09a2,0xfbb1b73c4f0bda4f67dca266ce6ef42f520fbb98,0x7071f121c038a98f8a7d485648a27fcd48891ba8,0,0,call,0x,30.23379618,None
4419757,1508835799,0x7c0412bf389daa1d5d287e828b6c568f679dc774544d06aa8a5c5f03eb09453c,0xfbb1b73c4f0bda4f67dca266ce6ef42f520fbb98,0x7071f121c038a98f8a7d485648a27fcd48891ba8,0,0,call,0x,66.84206502,None
4420031,1508839300,0x6124bfb8b79f3a835f4324f973621ee9d55998c1d759238f4bf0583476dc7449,0xfbb1b73c4f0bda4f67dca266ce6ef42f520fbb98,0x7071f121c038a98f8a7d485648a27fcd48891ba8,0,0,call,0x,58.52090694,None
4420290,1508842950,0xe12477c48a9cb568a5ca6537a4467ed825546b7daaae08fa625e13746629492b,0xfbb1b73c4f0bda4f67dca266ce6ef42f520fbb98,0x7071f121c038a98f8a7d485648a27fcd48891ba8,0,0,call,0x,24.98059456,None
4420818,1508850176,0x2a8cf40d4c40c0177cecb3d16e68a44563c45f3115c3f4b64db58d7b232bf8b3,0xfbb1b73c4f0bda4f67dca266ce6ef42f520fbb98,0x7071f121c038a98f8a7d485648a27fcd48891ba8,0,0,call,0x,52.84958794,None
4421323,1508857407,0x3a21c7120fcab840808043cbf98a9b908463f5baac8ba742255d18270a61275c,0xfbb1b73c4f0bda4f67dca266ce6ef42f520fbb98,0x7071f121c038a98f8a7d485648a27fcd48891ba8,0,0,call,0x,41.43083239,None
4422905,1508878969,0x56e6f3b55578665c729b08cd135b914e62b03a2f58d94ddf20794eef211a53b5,0xfbb1b73c4f0bda4f67dca266ce6ef42f520fbb98,0x7071f121c038a98f8a7d485648a27fcd48891ba8,0,0,call,0x,31.34739667,None
4428029,1508950907,0xc7cb4ae03f1479ca99f056a75ba03752cbe7886f997cd9410605f9568f0c6972,0xfbb1b73c4f0bda4f67dca266ce6ef42f520fbb98,0x7071f121c038a98f8a7d485648a27fcd48891ba8,0,0,call,0x,41.19644577,None
4428305,1508954585,0xbfacaf757f2dcc556da1f09820c4937ac1e6a148d82aad98710ea534d2145491,0xfbb1b73c4f0bda4f67dca266ce6ef42f520fbb98,0x7071f121c038a98f8a7d485648a27fcd48891ba8,0,0,call,0x,28.79885369,None
4429079,1508965367,0x6f96d5c2c1f128e0e42cb1591b1a25ae2b23b41fc6eebe9f6e0472c985b6eb60,0xfbb1b73c4f0bda4f67dca266ce6ef42f520fbb98,0x7071f121c038a98f8a7d485648a27fcd48891ba8,0,0,call,0x,28.77838460000001,None
4429602,1508972508,0x43c5c75ff058b3bbd5376d598d08d3b6cc234dd9d3c38b7d45d7c240b8e1319e,0xfbb1b73c4f0bda4f67dca266ce6ef42f520fbb98,0x7071f121c038a98f8a7d485648a27fcd48891ba8,0,0,call,0x,45.34070215,None
4430620,1508986946,0x4f1ac993369f229971fa0bc2bfc7a2bf19bc8f84afa04d176bfde18b8866e63e,0xfbb1b73c4f0bda4f67dca266ce6ef42f520fbb98,0x7071f121c038a98f8a7d485648a27fcd48891ba8,0,0,call,0x,31.38936066,None
4431631,1509001317,0x8cf327bc7e3526a70a6ab8067ef6e7ed40c7b7408f1575f6428cf5305136240a,0xfbb1b73c4f0bda4f67dca266ce6ef42f520fbb98,0x7071f121c038a98f8a7d485648a27fcd48891ba8,0,0,call,0x,30.68203896,None
4445339,1509192157,0x7c329b5eccf75816d283ece92968cdd10801219965b7c6533e9770d2d219cf5f,0xfbb1b73c4f0bda4f67dca266ce6ef42f520fbb98,0x7071f121c038a98f8a7d485648a27fcd48891ba8,0,0,call,0x,76.74973146,None
4446135,1509202986,0x0aec3b39f21b09653a9f5cf49aef4cfe35c0617029b4ac91a21d2e370c7d83a3,0xfbb1b73c4f0bda4f67dca266ce6ef42f520fbb98,0x7071f121c038a98f8a7d485648a27fcd48891ba8,0,0,call,0x,25.28851558,None
4447954,1509228150,0xbde713c3ebc100a254b95c1218688eac2c0384ceca5bf791ea5d7b261a81fa27,0xfbb1b73c4f0bda4f67dca266ce6ef42f520fbb98,0x7071f121c038a98f8a7d485648a27fcd48891ba8,0,0,call,0x,25.33500469,None
4449491,1509249681,0x896a7a110b2b188eb693b1dd498c3e19040c1ba84ed56f09c8d1b22c2cc1b398,0xfbb1b73c4f0bda4f67dca266ce6ef42f520fbb98,0x7071f121c038a98f8a7d485648a27fcd48891ba8,0,0,call,0x,26.46273867,None
4450804,1509267826,0x6cbd423ebada8d1823d0a333f26d117e1395999b8c26d6d3ffe4d5a98e1cac6d,0xfbb1b73c4f0bda4f67dca266ce6ef42f520fbb98,0x7071f121c038a98f8a7d485648a27fcd48891ba8,0,0,call,0x,31.26180012,None
4451513,1509278501,0x7621c8ec1b53cc0c80cb2b404244899f610847400d6f6a0fdff855a17709fa17,0xfbb1b73c4f0bda4f67dca266ce6ef42f520fbb98,0x7071f121c038a98f8a7d485648a27fcd48891ba8,0,0,call,0x,57.90208142,None
4452024,1509285692,0xfa535a7c5fbf33387039beff77f45136eaf463188e70e387a2b3705b1f43f96a,0xfbb1b73c4f0bda4f67dca266ce6ef42f520fbb98,0x7071f121c038a98f8a7d485648a27fcd48891ba8,0,0,call,0x,26.13873411,None
4453099,1509300101,0x0d9279370c027033365b0c6cca73f4197cf1054b55e23c710bff8e0f84f1fcb2,0xfbb1b73c4f0bda4f67dca266ce6ef42f520fbb98,0x7071f121c038a98f8a7d485648a27fcd48891ba8,0,0,call,0x,26.20466331,None
4453864,1509311103,0x2506fd2e1691c5436424f1aa3b56684de0d0d630fe0ced52f65f1efd9c8406f0,0xfbb1b73c4f0bda4f67dca266ce6ef42f520fbb98,0x7071f121c038a98f8a7d485648a27fcd48891ba8,0,0,call,0x,30.86525327,None
4454404,1509318073,0xccb73dc51091fdcfdc080413746024a0e01a9935226b3506f59e6eea235eeeef,0xfbb1b73c4f0bda4f67dca266ce6ef42f520fbb98,0x7071f121c038a98f8a7d485648a27fcd48891ba8,0,0,call,0x,28.15998525,None
4456928,1509354222,0xab561c4c84632fdb6e8c3094b9fe6d52479bfdc6b58be2e354e786018727a1cb,0xfbb1b73c4f0bda4f67dca266ce6ef42f520fbb98,0x7071f121c038a98f8a7d485648a27fcd48891ba8,0,0,call,0x,25.3754304,None
4459233,1509386591,0x1a656fbc82e5bf69476d8ce821077d9d65a9ae1da1850a232afe1ddeb053833f,0xfbb1b73c4f0bda4f67dca266ce6ef42f520fbb98,0x7071f121c038a98f8a7d485648a27fcd48891ba8,0,0,call,0x,23.62072619000001,None
4459507,1509390149,0x1740a4c21b9a82722d20ca3330024bbe9e6e6af4b5a552e41bb6e8b221f6437d,0xfbb1b73c4f0bda4f67dca266ce6ef42f520fbb98,0x7071f121c038a98f8a7d485648a27fcd48891ba8,0,0,call,0x,23.69769596,None
4459761,1509393709,0xb2aa30f47c3c072dbc2edab6bafdb9f88cbceacb9b1b7bb0959fb605dfa0402f,0xfbb1b73c4f0bda4f67dca266ce6ef42f520fbb98,0x7071f121c038a98f8a7d485648a27fcd48891ba8,0,0,call,0x,27.28478048,None
4463338,1509444081,0x72160bf42e193358fd20ca20ce70b80aeb28f94665aa5a12f779a46f44c72e36,0xfbb1b73c4f0bda4f67dca266ce6ef42f520fbb98,0x7071f121c038a98f8a7d485648a27fcd48891ba8,0,0,call,0x,27.46907351,None
4465935,1509480117,0xdf490a1eecd8615535b925d13be7b51b6b897caeb3b3563337ec299fc6a80d50,0xfbb1b73c4f0bda4f67dca266ce6ef42f520fbb98,0x7071f121c038a98f8a7d485648a27fcd48891ba8,0,0,call,0x,52.79590115,None
4466225,1509483804,0x495d5c1737ae23364891e5407b9121d832f69ce224092e859f699b9bde873a08,0xfbb1b73c4f0bda4f67dca266ce6ef42f520fbb98,0x7071f121c038a98f8a7d485648a27fcd48891ba8,0,0,call,0x,35.82231369999999,None
4466496,1509487420,0x03e8ff8b5bf526ded16d2a8a13d94821d3a252e017717db1c0278129e117b440,0xfbb1b73c4f0bda4f67dca266ce6ef42f520fbb98,0x7071f121c038a98f8a7d485648a27fcd48891ba8,0,0,call,0x,36.15840597,None
4468839,1509519760,0xfbf23ce011fbfe0355aa5147a1472aaf35bd72fda78b145bc3d1c4576e2ac1c7,0xfbb1b73c4f0bda4f67dca266ce6ef42f520fbb98,0x7071f121c038a98f8a7d485648a27fcd48891ba8,0,0,call,0x,37.52145754,None
4469616,1509530546,0xfa41d1fb16de53f3664be386304e48d2e95810f158ee96a05ccdc8e2e7c45e0f,0xfbb1b73c4f0bda4f67dca266ce6ef42f520fbb98,0x7071f121c038a98f8a7d485648a27fcd48891ba8,0,0,call,0x,26.88779258,None
4470113,1509537763,0x840f605b449a0c4a41a176cdb49cc346d22a2126213c8505cccf7f35bb5c8a56,0xfbb1b73c4f0bda4f67dca266ce6ef42f520fbb98,0x7071f121c038a98f8a7d485648a27fcd48891ba8,0,0,call,0x,50.91199576,None
4470369,1509541363,0x9de183dc86ac7c9ab3bfc320e43c7d1dadf4399787e28fed9ab2780748182ff3,0xfbb1b73c4f0bda4f67dca266ce6ef42f520fbb98,0x7071f121c038a98f8a7d485648a27fcd48891ba8,0,0,call,0x,82.57389814,None
4471126,1509552159,0x4ee5bb718622030bce30f2dbcc77a327d4a6eb26744a1c3fa09e1abd1e19c1d3,0xfbb1b73c4f0bda4f67dca266ce6ef42f520fbb98,0x7071f121c038a98f8a7d485648a27fcd48891ba8,0,0,call,0x,25.076940399999998,None
4472642,1509573737,0x5419b1d13e8f57cca461a7d983d9367ae5ea0e7c4daca3c2ba5103f5c6abf643,0xfbb1b73c4f0bda4f67dca266ce6ef42f520fbb98,0x7071f121c038a98f8a7d485648a27fcd48891ba8,0,0,call,0x,72.76038403999998,None
4474412,1509598879,0x8d48c97b6e01efd0852e84459446159e88f855be8dc15b499720f2da281f59aa,0xfbb1b73c4f0bda4f67dca266ce6ef42f520fbb98,0x7071f121c038a98f8a7d485648a27fcd48891ba8,0,0,call,0x,26.40658057,None
4474668,1509602531,0x9b051500ac9ace8ac142a8543fc23b3031174f5071061235598d9db8fc72cd85,0xfbb1b73c4f0bda4f67dca266ce6ef42f520fbb98,0x7071f121c038a98f8a7d485648a27fcd48891ba8,0,0,call,0x,25.13204406,None
4474930,1509606089,0x5459bc6c0e4c2aac7369b193cbdb26ec5ea823b501b2c9bc0c345e1bc8ad45d4,0xfbb1b73c4f0bda4f67dca266ce6ef42f520fbb98,0x7071f121c038a98f8a7d485648a27fcd48891ba8,0,0,call,0x,36.01456354,None
4475167,1509609751,0x8d2c0f934763e6320c40f183a4576776ae75553baf04aa6fbf50e5c862112641,0xfbb1b73c4f0bda4f67dca266ce6ef42f520fbb98,0x7071f121c038a98f8a7d485648a27fcd48891ba8,0,0,call,0x,26.75125067,None
4475424,1509613327,0x921ef2da574f91ae3a175ae6941faeaacfcc332007ddc88135db5736b778b4cb,0xfbb1b73c4f0bda4f67dca266ce6ef42f520fbb98,0x7071f121c038a98f8a7d485648a27fcd48891ba8,0,0,call,0x,36.01294371,None
4475704,1509616971,0xb7e3b4c42e878484a0a38a268232bcf7c1cd46d42ddd875efaaafeea7282c655,0xfbb1b73c4f0bda4f67dca266ce6ef42f520fbb98,0x7071f121c038a98f8a7d485648a27fcd48891ba8,0,0,call,0x,65.90575071,None
4476221,1509624112,0x5fb431ad34249489dd9283a0a6936a87349efbd0fb128417a537456d624a4612,0xfbb1b73c4f0bda4f67dca266ce6ef42f520fbb98,0x7071f121c038a98f8a7d485648a27fcd48891ba8,0,0,call,0x,61.80183347,None
4476490,1509627694,0xe338b707e524138b9ad5a38d73f1e0816cd1838fe7f33474d57c9522d64f74ac,0xfbb1b73c4f0bda4f67dca266ce6ef42f520fbb98,0x7071f121c038a98f8a7d485648a27fcd48891ba8,0,0,call,0x,29.67790983,None
4477011,1509635013,0x55b5755cf65f45ea6a924ab759aa74e61b0e8da03719ed415a7badde0311ee83,0xfbb1b73c4f0bda4f67dca266ce6ef42f520fbb98,0x7071f121c038a98f8a7d485648a27fcd48891ba8,0,0,call,0x,49.12858838,None
4477279,1509638548,0x95b516ec029306469bfa5642f944b3572f80f7d8dcd8c4d976c64392cb3501d3,0xfbb1b73c4f0bda4f67dca266ce6ef42f520fbb98,0x7071f121c038a98f8a7d485648a27fcd48891ba8,0,0,call,0x,203.82603805,None
4477503,1509642174,0xf59825e55179bb5d3fd7c6e66f95b832512847e26bdb071276053e9cd0c2042a,0xfbb1b73c4f0bda4f67dca266ce6ef42f520fbb98,0x7071f121c038a98f8a7d485648a27fcd48891ba8,0,0,call,0x,188.53156609,None
4478017,1509649315,0x382fccd9c03edc145507fa6d622c35fa129cd40a2333920980ce43e5fe6bb5f2,0xfbb1b73c4f0bda4f67dca266ce6ef42f520fbb98,0x7071f121c038a98f8a7d485648a27fcd48891ba8,0,0,call,0x,68.48986046,None
4478264,1509652980,0xdefaef6522ab4d0ffaeb15814fde51c19303b812661906d9adf0316d466f17ff,0xfbb1b73c4f0bda4f67dca266ce6ef42f520fbb98,0x7071f121c038a98f8a7d485648a27fcd48891ba8,0,0,call,0x,52.38738846,None
4478528,1509656525,0xb36031e7dc40dc58c3648ca1bb284ba535d8657ca270aea8dace5574f511c3b2,0xfbb1b73c4f0bda4f67dca266ce6ef42f520fbb98,0x7071f121c038a98f8a7d485648a27fcd48891ba8,0,0,call,0x,58.569606900000004,None
4479043,1509663775,0x500edef1f213fee8dbf4d726858c4787214d1d653e5a8273bc1bec623d6e63de,0xfbb1b73c4f0bda4f67dca266ce6ef42f520fbb98,0x7071f121c038a98f8a7d485648a27fcd48891ba8,0,0,call,0x,31.61954870000001,None
4479298,1509667310,0xcebaec664cd06d65b69fbccca7cfca418d63b9464b9576425d752d1f6c3d2f0a,0xfbb1b73c4f0bda4f67dca266ce6ef42f520fbb98,0x7071f121c038a98f8a7d485648a27fcd48891ba8,0,0,call,0x,69.14797032,None
4479552,1509670988,0x5501d44b85c5cc4c368d46a98df42e8a0fcae533200d31f635db3f006d4bc662,0xfbb1b73c4f0bda4f67dca266ce6ef42f520fbb98,0x7071f121c038a98f8a7d485648a27fcd48891ba8,0,0,call,0x,29.38680057,None
4480571,1509685395,0x8422969e828660db40c38379f6cea074cc13bf8bf53a041ea3ef8610f5d6a621,0xfbb1b73c4f0bda4f67dca266ce6ef42f520fbb98,0x7071f121c038a98f8a7d485648a27fcd48891ba8,0,0,call,0x,23.86585242,None
4481346,1509696130,0x6d53e054d5eb70d3785637ab0a09beb516031ea11199caf58fe14d75d5c645c4,0xfbb1b73c4f0bda4f67dca266ce6ef42f520fbb98,0x7071f121c038a98f8a7d485648a27fcd48891ba8,0,0,call,0x,44.67227046,None
4481631,1509699687,0x55b6678d8e192ecf3160a4be1dcd5a4c2f2a9c5821c42598d131f9b754f2e9d6,0xfbb1b73c4f0bda4f67dca266ce6ef42f520fbb98,0x7071f121c038a98f8a7d485648a27fcd48891ba8,0,0,call,0x,83.64328479,None
4482118,1509706960,0xd6b08baf6da98ba3821bd957a98cb1adebe53c32e919d8335d2f1066054f1608,0xfbb1b73c4f0bda4f67dca266ce6ef42f520fbb98,0x7071f121c038a98f8a7d485648a27fcd48891ba8,0,0,call,0x,59.46012205,None
4482389,1509710496,0x6a5a089345151690f0438945f30a609e2da99fa6719ffb414705ec2bc606d995,0xfbb1b73c4f0bda4f67dca266ce6ef42f520fbb98,0x7071f121c038a98f8a7d485648a27fcd48891ba8,0,0,call,0x,69.75744197,None
4482913,1509717765,0x5feaddd8b3ec184044a87bc2fc9f581a2b7451615366aa32cec8b21eb929a371,0xfbb1b73c4f0bda4f67dca266ce6ef42f520fbb98,0x7071f121c038a98f8a7d485648a27fcd48891ba8,0,0,call,0x,93.22252437,None
4483156,1509721335,0x7bb3aa816c3db899021e5ea04969b649e4b2c21828ecd7cf5a18f1c284b4fe6d,0xfbb1b73c4f0bda4f67dca266ce6ef42f520fbb98,0x7071f121c038a98f8a7d485648a27fcd48891ba8,0,0,call,0x,69.12147088,None
4483664,1509728589,0xd395d5a3f934b7f1f6278e24e7581d88527afab42fa1cd9c6225c9b0cb995951,0xfbb1b73c4f0bda4f67dca266ce6ef42f520fbb98,0x7071f121c038a98f8a7d485648a27fcd48891ba8,0,0,call,0x,36.12351017,None
4483941,1509732138,0x1a7b9dffcff67629bd9b722a039b81cc374539b46ba7e36973cac6de0bb23fff,0xfbb1b73c4f0bda4f67dca266ce6ef42f520fbb98,0x7071f121c038a98f8a7d485648a27fcd48891ba8,0,0,call,0x,42.57992504,None
4484203,1509735771,0xf41eae88c9715d5448deb7c63943756dc4095cf05446b06a86fd6c22891637d9,0xfbb1b73c4f0bda4f67dca266ce6ef42f520fbb98,0x7071f121c038a98f8a7d485648a27fcd48891ba8,0,0,call,0x,23.24662027,None
4484456,1509739322,0xb814b023ed830ea52be6970a08343f11f076d40b807bee2f939609c7569df489,0xfbb1b73c4f0bda4f67dca266ce6ef42f520fbb98,0x7071f121c038a98f8a7d485648a27fcd48891ba8,0,0,call,0x,34.57523519,None
4484736,1509742972,0x907fcc10d1049d18b501af48451b94e5db60f59d626cd73a0b3b7d07a3b1afe9,0xfbb1b73c4f0bda4f67dca266ce6ef42f520fbb98,0x7071f121c038a98f8a7d485648a27fcd48891ba8,0,0,call,0x,31.04675469,None
4485260,1509750141,0x57ca414c47aba187628bd52cf35c6c93be832fe261c7c909ed1d7afbc4fc8909,0xfbb1b73c4f0bda4f67dca266ce6ef42f520fbb98,0x7071f121c038a98f8a7d485648a27fcd48891ba8,0,0,call,0x,43.84971832,None
4489148,1509804098,0x4fd82351c98b6297e86fbc6c85ecfa802c2bcc6b5f020729148c491ea92c431f,0xfbb1b73c4f0bda4f67dca266ce6ef42f520fbb98,0x7071f121c038a98f8a7d485648a27fcd48891ba8,0,0,call,0x,32.914629670000004,None
4489894,1509815026,0x94d23bbed7991fb4f019997b789e12dcc1d86ba2fa16356ce0ec762ac33e1f80,0xfbb1b73c4f0bda4f67dca266ce6ef42f520fbb98,0x7071f121c038a98f8a7d485648a27fcd48891ba8,0,0,call,0x,44.33320641,None
4490138,1509818571,0x2fa365df282a243ecce46a80359a2e533321f4268c296ec2edcee9d69fe3da40,0xfbb1b73c4f0bda4f67dca266ce6ef42f520fbb98,0x7071f121c038a98f8a7d485648a27fcd48891ba8,0,0,call,0x,27.26316296,None
4491984,1509843724,0xfc6c26041f2ad215a5e4a6a2e812919cfd374e987c105948af9b9100aa5e476d,0xfbb1b73c4f0bda4f67dca266ce6ef42f520fbb98,0x7071f121c038a98f8a7d485648a27fcd48891ba8,0,0,call,0x,25.55005368,None
4493880,1509869063,0xd66215a9d6af3d5415903f8cb83e7a5fc33a690072242b124e4ce76fc9f12cd4,0xfbb1b73c4f0bda4f67dca266ce6ef42f520fbb98,0x7071f121c038a98f8a7d485648a27fcd48891ba8,0,0,call,0x,26.52134326,None
4494404,1509876244,0x744b85376613441d061356e3fef77bcf9ece252c4454e1bdbd6d3da0c21fc6e3,0xfbb1b73c4f0bda4f67dca266ce6ef42f520fbb98,0x7071f121c038a98f8a7d485648a27fcd48891ba8,0,0,call,0x,45.04657848,None
4495159,1509886959,0x4250d672cd1afaf96fc6c2886686fbae8ed20a7af54621e4b40aed205666a3b0,0xfbb1b73c4f0bda4f67dca266ce6ef42f520fbb98,0x7071f121c038a98f8a7d485648a27fcd48891ba8,0,0,call,0x,33.18305099,None
4495699,1509894204,0x6afff62a41b06b43b732399f404be961e3c7509f1d260e6e0e0aec0c759e63ed,0xfbb1b73c4f0bda4f67dca266ce6ef42f520fbb98,0x7071f121c038a98f8a7d485648a27fcd48891ba8,0,0,call,0x,40.3143377,None
4496455,1509904978,0xcf60c76bc341c1fdd34b596cb5082879a6f19a35001f7669860b3e284b8a85a1,0xfbb1b73c4f0bda4f67dca266ce6ef42f520fbb98,0x7071f121c038a98f8a7d485648a27fcd48891ba8,0,0,call,0x,47.5776486,None
4497212,1509915748,0x195932d8b019325c1664b5ee464308f1dac7532582caa71c58cca5d35ee2f37d,0xfbb1b73c4f0bda4f67dca266ce6ef42f520fbb98,0x7071f121c038a98f8a7d485648a27fcd48891ba8,0,0,call,0x,24.69383485,None
4497741,1509922975,0xfba8dc3fe258cf127bc2e6c3b4be39c32043199884527b4994ceecd0b25fbff0,0xfbb1b73c4f0bda4f67dca266ce6ef42f520fbb98,0x7071f121c038a98f8a7d485648a27fcd48891ba8,0,0,call,0x,64.77994522,None
4502127,1509984106,0x9d77e2d02cd029f005904bb76b03d17e4238fd88b41acaa47b1f8ae9721104da,0xfbb1b73c4f0bda4f67dca266ce6ef42f520fbb98,0x7071f121c038a98f8a7d485648a27fcd48891ba8,0,0,call,0x,40.93197171999999,None
4506757,1510048921,0x6a85cd8993841f868451d184d78251a331f167b082cd4aa4123259783b05d54d,0xfbb1b73c4f0bda4f67dca266ce6ef42f520fbb98,0x7071f121c038a98f8a7d485648a27fcd48891ba8,0,0,call,0x,59.70242699,None
4507532,1510059740,0x29e18be42894aaf3767c180022203257ef4e36813403b796572ace5bafc388df,0xfbb1b73c4f0bda4f67dca266ce6ef42f520fbb98,0x7071f121c038a98f8a7d485648a27fcd48891ba8,0,0,call,0x,31.68658703,None
4509341,1510084974,0xdabf4da6cf045a376b1f4956b2493e190fc59c45a4b658bb42f7e6ced67f00dc,0xfbb1b73c4f0bda4f67dca266ce6ef42f520fbb98,0x7071f121c038a98f8a7d485648a27fcd48891ba8,0,0,call,0x,27.02632387,None
4509596,1510088489,0x6ad5e2f886d86005bcc4812107a754584da218a329509b43f7f9517f8cfc48be,0xfbb1b73c4f0bda4f67dca266ce6ef42f520fbb98,0x7071f121c038a98f8a7d485648a27fcd48891ba8,0,0,call,0x,38.742787899999996,None
4509899,1510092156,0x9c72be1779c794c5a4e1b3bc94ac2eff3e0c8be7047e1abce190004ee16adb31,0xfbb1b73c4f0bda4f67dca266ce6ef42f520fbb98,0x7071f121c038a98f8a7d485648a27fcd48891ba8,0,0,call,0x,28.25151667,None
4510157,1510095687,0x18a3145b09fcac3f9d866be5a9f36920df49ebe85e078d4e31017c646e5998fb,0xfbb1b73c4f0bda4f67dca266ce6ef42f520fbb98,0x7071f121c038a98f8a7d485648a27fcd48891ba8,0,0,call,0x,43.02780466,None
4510933,1510106523,0xa2af09e87b5273b914027b7f2befafd188c7491c6845fd45861a228feea2426f,0xfbb1b73c4f0bda4f67dca266ce6ef42f520fbb98,0x7071f121c038a98f8a7d485648a27fcd48891ba8,0,0,call,0x,57.78753508,None
4511978,1510120945,0x98d467d82336e75158a047df5ddc197da734af19a238de85a4ed61e2ca52d0c4,0xfbb1b73c4f0bda4f67dca266ce6ef42f520fbb98,0x7071f121c038a98f8a7d485648a27fcd48891ba8,0,0,call,0x,33.69194612,None
4513012,1510135298,0x81f607540c8c392135e1993ffae232c46b5619c213e124a8410b744c6b7bd705,0xfbb1b73c4f0bda4f67dca266ce6ef42f520fbb98,0x7071f121c038a98f8a7d485648a27fcd48891ba8,0,0,call,0x,49.34221277,None
4513301,1510138961,0x041a86542e6bb0c34f2e228d8413cff8638cd589d65c4af0e05c74201ec64831,0xfbb1b73c4f0bda4f67dca266ce6ef42f520fbb98,0x7071f121c038a98f8a7d485648a27fcd48891ba8,0,0,call,0x,58.23869296,None
4513559,1510142484,0x5065f660b120d1280381c05847679555f0c5cbaff1560ff636521d3eb370412e,0xfbb1b73c4f0bda4f67dca266ce6ef42f520fbb98,0x7071f121c038a98f8a7d485648a27fcd48891ba8,0,0,call,0x,33.65285996,None
4513815,1510146160,0x251fe1047c0e85e09725ff7a7c99dc81154479fdd28830a3265077117c2f278e,0xfbb1b73c4f0bda4f67dca266ce6ef42f520fbb98,0x7071f121c038a98f8a7d485648a27fcd48891ba8,0,0,call,0x,26.02380556,None
4514344,1510153375,0xae77bcc9343145f6891ab69699629cb41e09ad227e8e97860dcf78ef3473d01c,0xfbb1b73c4f0bda4f67dca266ce6ef42f520fbb98,0x7071f121c038a98f8a7d485648a27fcd48891ba8,0,0,call,0x,34.38054168,None
4514614,1510156964,0xebad70ee299d0b10b3f3a70853a82537d4161872d484b63031719b107b30c5fc,0xfbb1b73c4f0bda4f67dca266ce6ef42f520fbb98,0x7071f121c038a98f8a7d485648a27fcd48891ba8,0,0,call,0x,78.77674732,None
4514868,1510160494,0xb6e0b7881b277b0de5122ee1aea40f07453442c441c1bed98d178b346993a432,0xfbb1b73c4f0bda4f67dca266ce6ef42f520fbb98,0x7071f121c038a98f8a7d485648a27fcd48891ba8,0,0,call,0x,44.46085144,None
4515382,1510167767,0x5c2ac41c6f374d3464fcf4c25f05049813b029ca1db2700d95a8a4737371af56,0xfbb1b73c4f0bda4f67dca266ce6ef42f520fbb98,0x7071f121c038a98f8a7d485648a27fcd48891ba8,0,0,call,0x,47.67668442,None
4515640,1510171384,0xf25a0f6e16f5d07bff18c8841ab8be19b57f5fabd79c67f8b652fe3af5084de1,0xfbb1b73c4f0bda4f67dca266ce6ef42f520fbb98,0x7071f121c038a98f8a7d485648a27fcd48891ba8,0,0,call,0x,95.49919958,None
4515889,1510175007,0x3c610e7fee06f87707a35c3c5de237becfe461adf557c73b3d8c469313915cb9,0xfbb1b73c4f0bda4f67dca266ce6ef42f520fbb98,0x7071f121c038a98f8a7d485648a27fcd48891ba8,0,0,call,0x,51.36929689,None
4522083,1510261514,0xf514f61125dd564453cfb0700e693a0a84a55530688b10c017bac9847ce0eb0e,0xfbb1b73c4f0bda4f67dca266ce6ef42f520fbb98,0x7071f121c038a98f8a7d485648a27fcd48891ba8,0,0,call,0x,99.30032537,None
4523364,1510279283,0x0f7cbebbec5eb569123a68bbafe47a43a6f2e77098b41955b6cbde29b146a3f5,0xfbb1b73c4f0bda4f67dca266ce6ef42f520fbb98,0x7071f121c038a98f8a7d485648a27fcd48891ba8,0,0,call,0x,30.06079156,None
4525199,1510304469,0xa7dafc73f0f796196a07ed327ed52663d696880e185268fcf422439e6a8f520c,0xfbb1b73c4f0bda4f67dca266ce6ef42f520fbb98,0x7071f121c038a98f8a7d485648a27fcd48891ba8,0,0,call,0x,98.86820933,None
4525479,1510308177,0xbf47fd7f1b574637214f123bac5636d06a0f576b6bb8d6c6baf2af2f88f93c16,0xfbb1b73c4f0bda4f67dca266ce6ef42f520fbb98,0x7071f121c038a98f8a7d485648a27fcd48891ba8,0,0,call,0x,33.77770164,None
4525712,1510311710,0x9700927967acbc0f47d382da8e4f110111aee50a437f9e7b61fb7404fa69f481,0xfbb1b73c4f0bda4f67dca266ce6ef42f520fbb98,0x7071f121c038a98f8a7d485648a27fcd48891ba8,0,0,call,0x,90.17024636,None
4525958,1510315306,0xa94a482b9890c044eb8d417a3ec1f715fc1d904cc72fdec31a392a27f37e9818,0xfbb1b73c4f0bda4f67dca266ce6ef42f520fbb98,0x7071f121c038a98f8a7d485648a27fcd48891ba8,0,0,call,0x,23.32563697,None
4526468,1510322593,0x825eca956cc01ef8416ece5e1f7f3d7abe093af8d313d4d645c1072a580c7a0c,0xfbb1b73c4f0bda4f67dca266ce6ef42f520fbb98,0x7071f121c038a98f8a7d485648a27fcd48891ba8,0,0,call,0x,137.90125205,None
4528038,1510344177,0xd8be187dcb5d246d897ee0e6a464c74d977ec4eb53c9b5db920ac325d3485693,0xfbb1b73c4f0bda4f67dca266ce6ef42f520fbb98,0x7071f121c038a98f8a7d485648a27fcd48891ba8,0,0,call,0x,37.05899868,None
4541373,1510527789,0xd2c1ecefddc5e7ee4b697314ea287ddb468cd3875d4ed715a7eb052681bb8d93,0xfbb1b73c4f0bda4f67dca266ce6ef42f520fbb98,0x7071f121c038a98f8a7d485648a27fcd48891ba8,0,0,call,0x,202.06637402,None
4544245,1510567280,0x52800a210ec6db77660f591ce0644e670e9eeb16828a5bf770bd6dd30fffeef8,0xfbb1b73c4f0bda4f67dca266ce6ef42f520fbb98,0x7071f121c038a98f8a7d485648a27fcd48891ba8,0,0,call,0x,42.52680412,None
4546839,1510603392,0xc6c18624a67a11ef5193d44638696090033d889a81db023325c765b987919db4,0xfbb1b73c4f0bda4f67dca266ce6ef42f520fbb98,0x7071f121c038a98f8a7d485648a27fcd48891ba8,0,0,call,0x,29.94506912,None
4547360,1510610600,0x38bda1eae5f6353f97702bff2f37a97d10dbf6f9e708ea3b6b1227a4f5d21838,0xfbb1b73c4f0bda4f67dca266ce6ef42f520fbb98,0x7071f121c038a98f8a7d485648a27fcd48891ba8,0,0,call,0x,45.89291584,None
4547621,1510614153,0xf228e4b932ab2d71989bee5b6910b26c1ec92da30e3bbfa16fdb42b33197558f,0xfbb1b73c4f0bda4f67dca266ce6ef42f520fbb98,0x7071f121c038a98f8a7d485648a27fcd48891ba8,0,0,call,0x,84.51887543,None
4549916,1510646505,0x9392e0d80a81bbdcdd774bc471c8caed2bbf7dfac8e8d2a5576986874739ef7e,0xfbb1b73c4f0bda4f67dca266ce6ef42f520fbb98,0x7071f121c038a98f8a7d485648a27fcd48891ba8,0,0,call,0x,160.94887039,None
4564863,1510855279,0xe77214cedf8850bb37c79f4a19e855c936c33976b11345ebbfd64e4f96f71476,0xfbb1b73c4f0bda4f67dca266ce6ef42f520fbb98,0x7071f121c038a98f8a7d485648a27fcd48891ba8,0,0,call,0x,25.11880615,None
4565107,1510858955,0x577e8bef2231e201fa4710936a93483fc1a1cf1dc53e82741f5c75c9b12cf5fb,0xfbb1b73c4f0bda4f67dca266ce6ef42f520fbb98,0x7071f121c038a98f8a7d485648a27fcd48891ba8,0,0,call,0x,47.36463387,None
4565359,1510862474,0x584e81d87ae9eaf3e5b4f5852710abd397ebeee97a94db034770615a44527f2c,0xfbb1b73c4f0bda4f67dca266ce6ef42f520fbb98,0x7071f121c038a98f8a7d485648a27fcd48891ba8,0,0,call,0x,23.16260404,None
4565641,1510866159,0xf0cb8a53379b3c99755671acfd780741fe83abb3c7d9d3a57461843c1a6d6ae3,0xfbb1b73c4f0bda4f67dca266ce6ef42f520fbb98,0x7071f121c038a98f8a7d485648a27fcd48891ba8,0,0,call,0x,85.87709272000002,None
4566123,1510873330,0x142693f689af638787d8d14dcdef5a8364987b4520a95f5b29de3e80d4e9456b,0xfbb1b73c4f0bda4f67dca266ce6ef42f520fbb98,0x7071f121c038a98f8a7d485648a27fcd48891ba8,0,0,call,0x,47.13036786999999,None
4567202,1510887757,0x1532aac940e5e92565e9210b962979facf4276c9486d2e812f29a060f45836bc,0xfbb1b73c4f0bda4f67dca266ce6ef42f520fbb98,0x7071f121c038a98f8a7d485648a27fcd48891ba8,0,0,call,0x,38.23060431,None
4569274,1510916531,0x3713f8a42e96f3dad026335d409e0dbc607de1f54f4ff8f52bf35781f3747a85,0xfbb1b73c4f0bda4f67dca266ce6ef42f520fbb98,0x7071f121c038a98f8a7d485648a27fcd48891ba8,0,0,call,0x,57.22896912,None
4569529,1510920261,0x11dfffff7130187e14982c12f60547dcff473c79c9bb2bcda6dadf89d0ed7d88,0xfbb1b73c4f0bda4f67dca266ce6ef42f520fbb98,0x7071f121c038a98f8a7d485648a27fcd48891ba8,0,0,call,0x,59.83814411,None
4569774,1510923801,0x93975c6dd813f887d84f0fdcbd8b9b68c57aa4f65a126670772199579bee19f2,0xfbb1b73c4f0bda4f67dca266ce6ef42f520fbb98,0x7071f121c038a98f8a7d485648a27fcd48891ba8,0,0,call,0x,59.97803041,None
4570050,1510927378,0x36ffcfcd4be698374dd4bf442c80d66d5ca58bafbc40a95e1aa91130347eae09,0xfbb1b73c4f0bda4f67dca266ce6ef42f520fbb98,0x7071f121c038a98f8a7d485648a27fcd48891ba8,0,0,call,0x,78.03711772999998,None
4574918,1510995776,0x32b33bd427f8638a8189b2883c5c76b5f5b28dc888fb49c14037be57d4bb32d8,0xfbb1b73c4f0bda4f67dca266ce6ef42f520fbb98,0x7071f121c038a98f8a7d485648a27fcd48891ba8,0,0,call,0x,36.94298769,None
4575721,1511006494,0xce9b5d665dcf4bebdd5151fe26743c3bb8e4c288821ae685e765ba6228f4c834,0xfbb1b73c4f0bda4f67dca266ce6ef42f520fbb98,0x7071f121c038a98f8a7d485648a27fcd48891ba8,0,0,call,0x,28.98019602,None
4576514,1511017349,0xb61baf59a53fc5483f7123230840faae289e58eade84ace5a625d72caaac22da,0xfbb1b73c4f0bda4f67dca266ce6ef42f520fbb98,0x7071f121c038a98f8a7d485648a27fcd48891ba8,0,0,call,0x,37.17134759,None
4576763,1511021029,0x009d081a4672ba30ecfc2b3a204e76beb19d6d981e4cf71d594349d02a034e1b,0xfbb1b73c4f0bda4f67dca266ce6ef42f520fbb98,0x7071f121c038a98f8a7d485648a27fcd48891ba8,0,0,call,0x,28.37056631,None
4577258,1511028087,0x3773bed3bcfb07554975d57f957ec55ecdca7d19c5f2899e02f7ea9a7ee70cdb,0xfbb1b73c4f0bda4f67dca266ce6ef42f520fbb98,0x7071f121c038a98f8a7d485648a27fcd48891ba8,0,0,call,0x,99.95657257,None
4578058,1511038936,0x200c56b249f8ce6f3ec80be911324b805e2d319a463324b970d6748acfe666ad,0xfbb1b73c4f0bda4f67dca266ce6ef42f520fbb98,0x7071f121c038a98f8a7d485648a27fcd48891ba8,0,0,call,0x,37.95176158,None
4578595,1511046172,0x347d7382f4f734fc9d55d1da24c8c49ef9b83d6eb23e1c49ef645355c131bbbc,0xfbb1b73c4f0bda4f67dca266ce6ef42f520fbb98,0x7071f121c038a98f8a7d485648a27fcd48891ba8,0,0,call,0x,32.334396399999996,None
4585367,1511139734,0x374b30454633bce25f63bb0766fa7e57875c5379be7f726c8900acb152f9b030,0xfbb1b73c4f0bda4f67dca266ce6ef42f520fbb98,0x7071f121c038a98f8a7d485648a27fcd48891ba8,0,0,call,0x,28.66433796,None
4586677,1511157760,0xabed372129a062f20c18d745e78af68596f92cb3623975fefe97ecab53ebafc6,0xfbb1b73c4f0bda4f67dca266ce6ef42f520fbb98,0x7071f121c038a98f8a7d485648a27fcd48891ba8,0,0,call,0x,23.43074630000001,None
4587206,1511164972,0x8c24aca535848a9ac2dedbb63ea89836849f47a1764efb2ef0df642b63b01aea,0xfbb1b73c4f0bda4f67dca266ce6ef42f520fbb98,0x7071f121c038a98f8a7d485648a27fcd48891ba8,0,0,call,0x,62.51797237,None
4587500,1511168728,0xff518372ede1c11dda17ca230ba2a8e579e5cf4d156c69a17d2150a709cd54bd,0xfbb1b73c4f0bda4f67dca266ce6ef42f520fbb98,0x7071f121c038a98f8a7d485648a27fcd48891ba8,0,0,call,0x,47.25807266,None
4587762,1511172271,0xf247a2e51fe0580fb6b439a1dfe3b549a4295e09b44bc1bbe7c81bf97817e790,0xfbb1b73c4f0bda4f67dca266ce6ef42f520fbb98,0x7071f121c038a98f8a7d485648a27fcd48891ba8,0,0,call,0x,49.02265109,None
4588014,1511175759,0x324a2f0e4ce7720160ce060836b832ec133cc6197d860a7ef78445dda5a01eb4,0xfbb1b73c4f0bda4f67dca266ce6ef42f520fbb98,0x7071f121c038a98f8a7d485648a27fcd48891ba8,0,0,call,0x,26.29704063,None
4588265,1511179352,0x8036bd31ba0716833e838ff48c2d4bc25ec85d91987708ca9b5c6523c9b32e8a,0xfbb1b73c4f0bda4f67dca266ce6ef42f520fbb98,0x7071f121c038a98f8a7d485648a27fcd48891ba8,0,0,call,0x,41.33652048,None
4588510,1511182999,0x5c23836282ab9cad7ce90a2dd0d26c963363844133e13fe8c2605831946c93b8,0xfbb1b73c4f0bda4f67dca266ce6ef42f520fbb98,0x7071f121c038a98f8a7d485648a27fcd48891ba8,0,0,call,0x,92.40579098,None
4588797,1511186574,0xaad7df7b6d31886c89f38eecec8cd62e400cf2dcb0fb9b158c9181c97ae3c43b,0xfbb1b73c4f0bda4f67dca266ce6ef42f520fbb98,0x7071f121c038a98f8a7d485648a27fcd48891ba8,0,0,call,0x,26.46782208,None
4589020,1511190161,0xa96837b3d9282ceaf280d7c11a2b4d1c9c37d6ff4c73ef8da158ed1bc6e1f32b,0xfbb1b73c4f0bda4f67dca266ce6ef42f520fbb98,0x7071f121c038a98f8a7d485648a27fcd48891ba8,0,0,call,0x,61.63608975,None
4589302,1511193858,0x69c6a57a46bfea771143165345b5926cf55b61a529331ae171803042d95b0b35,0xfbb1b73c4f0bda4f67dca266ce6ef42f520fbb98,0x7071f121c038a98f8a7d485648a27fcd48891ba8,0,0,call,0x,67.45055003,None
4589542,1511197406,0xa36212149a7802769f1bb99689e70735fbda47f2178d737371aff9ce16bf13b2,0xfbb1b73c4f0bda4f67dca266ce6ef42f520fbb98,0x7071f121c038a98f8a7d485648a27fcd48891ba8,0,0,call,0x,33.83125353,None
4589805,1511201036,0x7d1a4baa2f244cf829ac5b1f25b0f2cde92d68857c036dcbf151959576126dca,0xfbb1b73c4f0bda4f67dca266ce6ef42f520fbb98,0x7071f121c038a98f8a7d485648a27fcd48891ba8,0,0,call,0x,27.75879266,None
4590077,1511204483,0x429d244ed87e9703ada0032848e05cb189711a5b9511d72a9885f218dbdc9e69,0xfbb1b73c4f0bda4f67dca266ce6ef42f520fbb98,0x7071f121c038a98f8a7d485648a27fcd48891ba8,0,0,call,0x,81.23271288000002,None
4590315,1511208302,0x8bd87726f5f8abc68001b61cca3b25fa2973c6f10135da4b224d025f4de4fe7b,0xfbb1b73c4f0bda4f67dca266ce6ef42f520fbb98,0x7071f121c038a98f8a7d485648a27fcd48891ba8,0,0,call,0x,66.71467454,None
4590558,1511211727,0x4cc669117a05b10d5826271b53fcbeae565ff337477fa0d1d26bc1a8de96abd3,0xfbb1b73c4f0bda4f67dca266ce6ef42f520fbb98,0x7071f121c038a98f8a7d485648a27fcd48891ba8,0,0,call,0x,28.151791740000004,None
4591294,1511222598,0xd8e6ce90d2bc5aa62e26a7bbd95f15e4a68b38076fb1ff1c0b2a8e24bd49d3f8,0xfbb1b73c4f0bda4f67dca266ce6ef42f520fbb98,0x7071f121c038a98f8a7d485648a27fcd48891ba8,0,0,call,0x,24.17863362,None
4592817,1511244124,0x0e45832cb50628ae345cbf7a5a6b1fc8782df5932e49b722d2926e6d4811f6bf,0xfbb1b73c4f0bda4f67dca266ce6ef42f520fbb98,0x7071f121c038a98f8a7d485648a27fcd48891ba8,0,0,call,0x,87.31088017,None
4593335,1511251333,0x2d8df49bcdb8ac488a7fc22e27f3039f3c475f1bd03591409c488b2565101ed3,0xfbb1b73c4f0bda4f67dca266ce6ef42f520fbb98,0x7071f121c038a98f8a7d485648a27fcd48891ba8,0,0,call,0x,55.77706169,None
4593880,1511258601,0x5ec30ebff7b5ba5879b5224cf6f98fbaf102fa1ad9fe8619665f087a9340b24b,0xfbb1b73c4f0bda4f67dca266ce6ef42f520fbb98,0x7071f121c038a98f8a7d485648a27fcd48891ba8,0,0,call,0x,42.97215054,None
4594142,1511262170,0xffbdd7f9038690e5a2e58e0c21db91821f7f2463147648ea7def3769a36357c2,0xfbb1b73c4f0bda4f67dca266ce6ef42f520fbb98,0x7071f121c038a98f8a7d485648a27fcd48891ba8,0,0,call,0x,53.74211817,None
4594685,1511269321,0xf12b788d0a6ba61c729a5279b9de1de38d5e5bbdeb99b831ab742498bc24331e,0xfbb1b73c4f0bda4f67dca266ce6ef42f520fbb98,0x7071f121c038a98f8a7d485648a27fcd48891ba8,0,0,call,0x,57.10996799,None
4595425,1511280182,0x150009bcb77d0f66b94803d12414ac3554241be7c324bca268ec39f14181343c,0xfbb1b73c4f0bda4f67dca266ce6ef42f520fbb98,0x7071f121c038a98f8a7d485648a27fcd48891ba8,0,0,call,0x,95.33458367,None
4595681,1511283976,0x6728da55fce51d38989e8c6408b3187d5bf39ec83daf23c1f5ef3f08a41d2e49,0xfbb1b73c4f0bda4f67dca266ce6ef42f520fbb98,0x7071f121c038a98f8a7d485648a27fcd48891ba8,0,0,call,0x,59.64830059,None
4595928,1511287386,0xe700dea91b1d6fad00bf529dcc61635fcd2c5b527ee306c1747198dc9699b3a1,0xfbb1b73c4f0bda4f67dca266ce6ef42f520fbb98,0x7071f121c038a98f8a7d485648a27fcd48891ba8,0,0,call,0x,40.25895224,None
4597208,1511305291,0x120428137a457b43892dde8f6a3789831f47d83a0f558e622f626b0f3586898e,0xfbb1b73c4f0bda4f67dca266ce6ef42f520fbb98,0x7071f121c038a98f8a7d485648a27fcd48891ba8,0,0,call,0x,46.44066286,None
4597465,1511308994,0x39bf4834214685e4385a5a0fb02062d8820c1a860e838edc2f366159895e07e4,0xfbb1b73c4f0bda4f67dca266ce6ef42f520fbb98,0x7071f121c038a98f8a7d485648a27fcd48891ba8,0,0,call,0x,27.49506931,None
4598740,1511326925,0x8b7c56b139014e51a1e24f4883d1d3915027010cf80a770b04f8c8823f92f4b9,0xfbb1b73c4f0bda4f67dca266ce6ef42f520fbb98,0x7071f121c038a98f8a7d485648a27fcd48891ba8,0,0,call,0x,29.64657172,None
4599257,1511334126,0xeedd1c474220110e762dc04ea1f3c191621b1c7aa583e965994e1aeb7f6f7847,0xfbb1b73c4f0bda4f67dca266ce6ef42f520fbb98,0x7071f121c038a98f8a7d485648a27fcd48891ba8,0,0,call,0x,33.826304799999996,None
4600041,1511344976,0x12bd4d95520fb41fe8fb59ec76fbe3f6182a04e909dbcb1dceec86c8dfc46cab,0xfbb1b73c4f0bda4f67dca266ce6ef42f520fbb98,0x7071f121c038a98f8a7d485648a27fcd48891ba8,0,0,call,0x,50.34996009,None
4600283,1511348599,0xab455e44791741d6864f4658b06200e6dbdc163a1da3740b87815b5c617eae7a,0xfbb1b73c4f0bda4f67dca266ce6ef42f520fbb98,0x7071f121c038a98f8a7d485648a27fcd48891ba8,0,0,call,0x,27.58212925,None
4600526,1511352117,0x06cb5cbb21f69cbc4a3508255f303882b9b6130a0f8b8ede21d50d05922f26c3,0xfbb1b73c4f0bda4f67dca266ce6ef42f520fbb98,0x7071f121c038a98f8a7d485648a27fcd48891ba8,0,0,call,0x,55.86448834,None
4600809,1511355780,0xdcab1a5d68f013b645f801a5c54b1397f523f0e4888807a9b03a0553c08a39db,0xfbb1b73c4f0bda4f67dca266ce6ef42f520fbb98,0x7071f121c038a98f8a7d485648a27fcd48891ba8,0,0,call,0x,31.72257633,None
4601048,1511359300,0x103dd354b1a3bd9ce04d49e06d8e4a80a1f1bfa36732ae0aac0882b4a1bd247c,0xfbb1b73c4f0bda4f67dca266ce6ef42f520fbb98,0x7071f121c038a98f8a7d485648a27fcd48891ba8,0,0,call,0x,33.46825929,None
4601312,1511362979,0x28684f8c14e54639636514d24e0f535ef954e500fb978a8022211da416044328,0xfbb1b73c4f0bda4f67dca266ce6ef42f520fbb98,0x7071f121c038a98f8a7d485648a27fcd48891ba8,0,0,call,0x,38.40940775,None
4601577,1511366543,0x976c1b275b4a668ceeb92fcf6af586d8dad597e911345fbd54bee6e72136c47a,0xfbb1b73c4f0bda4f67dca266ce6ef42f520fbb98,0x7071f121c038a98f8a7d485648a27fcd48891ba8,0,0,call,0x,39.64960873,None
4602123,1511373787,0x9755199254969ed4c66f78ac8ab4246de618d0d2a3f39006747b328ff68f8689,0xfbb1b73c4f0bda4f67dca266ce6ef42f520fbb98,0x7071f121c038a98f8a7d485648a27fcd48891ba8,0,0,call,0x,87.09259417,None
4602656,1511380934,0x82df85ed8998a6f4f85f1a0a6a01ce685248e8b463c0c222ca9ee0363bd27c01,0xfbb1b73c4f0bda4f67dca266ce6ef42f520fbb98,0x7071f121c038a98f8a7d485648a27fcd48891ba8,0,0,call,0x,39.80737993,None
4603169,1511388202,0x9195f29b951cdd423f81b93b7df47ce87bfdc978b55ab700f8cefd3068c40564,0xfbb1b73c4f0bda4f67dca266ce6ef42f520fbb98,0x7071f121c038a98f8a7d485648a27fcd48891ba8,0,0,call,0x,25.12540965,None
4603703,1511395317,0x64c6a5c345fce1bed6e78b38ba2fe59664f633905e1075d13b5492c0ab048a0d,0xfbb1b73c4f0bda4f67dca266ce6ef42f520fbb98,0x7071f121c038a98f8a7d485648a27fcd48891ba8,0,0,call,0x,30.82968859,None
4603955,1511399027,0x8483544529dc9c99d8970e3811d8bfa06fd517d75446e1c4c22f9fddb8c7b5e2,0xfbb1b73c4f0bda4f67dca266ce6ef42f520fbb98,0x7071f121c038a98f8a7d485648a27fcd48891ba8,0,0,call,0x,28.25877257,None
4605264,1511416892,0xdfdff5f3d4fc242b50317db5e23532fd8b1194551d733492d7e69050d4935e30,0xfbb1b73c4f0bda4f67dca266ce6ef42f520fbb98,0x7071f121c038a98f8a7d485648a27fcd48891ba8,0,0,call,0x,169.02282466000003,None
4605803,1511424170,0x4fe6a1513c08f511b8406b6fe7cf2f1b89bfb366875e568bcd1e40e144b566b1,0xfbb1b73c4f0bda4f67dca266ce6ef42f520fbb98,0x7071f121c038a98f8a7d485648a27fcd48891ba8,0,0,call,0x,45.62310595,None
4606060,1511427769,0x089aeec22aa31770c91ac6c610946f01a49eb3e1d42ef644dc272f8eda96420b,0xfbb1b73c4f0bda4f67dca266ce6ef42f520fbb98,0x7071f121c038a98f8a7d485648a27fcd48891ba8,0,0,call,0x,34.50162864,None
4606309,1511431342,0xfd61e3662bd6e2c6cb98bd6b50b0398beddf3e9d75fa25e05770cc8a12b63248,0xfbb1b73c4f0bda4f67dca266ce6ef42f520fbb98,0x7071f121c038a98f8a7d485648a27fcd48891ba8,0,0,call,0x,219.32367613,None
4606568,1511434905,0x1d3cd4010d5ac8e5811b8247cfdb14a292ededb7a75a2311b6507317a2080da6,0xfbb1b73c4f0bda4f67dca266ce6ef42f520fbb98,0x7071f121c038a98f8a7d485648a27fcd48891ba8,0,0,call,0x,23.7917942,None
4607815,1511452974,0x5cb8431842befcdda8a5245ef906820db9c8f6dd6534881ce66038ebc3909cb7,0xfbb1b73c4f0bda4f67dca266ce6ef42f520fbb98,0x7071f121c038a98f8a7d485648a27fcd48891ba8,0,0,call,0x,59.50723512,None
4608064,1511456523,0xc3bf62d484328c31f4c51624be37d4a95e831bc9c50d8beed7af0c4980c8164a,0xfbb1b73c4f0bda4f67dca266ce6ef42f520fbb98,0x7071f121c038a98f8a7d485648a27fcd48891ba8,0,0,call,0x,37.32507961,None
4608346,1511460191,0x8de7aa55ab16efdd4afc06e38cfeb645332634e4d70c36d447bdc493902ecf41,0xfbb1b73c4f0bda4f67dca266ce6ef42f520fbb98,0x7071f121c038a98f8a7d485648a27fcd48891ba8,0,0,call,0x,45.06068062,None
4608596,1511463818,0xedfded734c15bf6f0a52bf6e11bcb467d424214d89db228619645f912421c00b,0xfbb1b73c4f0bda4f67dca266ce6ef42f520fbb98,0x7071f121c038a98f8a7d485648a27fcd48891ba8,0,0,call,0x,65.66566345,None
4608832,1511467392,0xa8955e06853b22289dc6f04e84a0009a120fb376c7d46a539278db03b6171772,0xfbb1b73c4f0bda4f67dca266ce6ef42f520fbb98,0x7071f121c038a98f8a7d485648a27fcd48891ba8,0,0,call,0x,31.25905357,None
4609379,1511474492,0x0ac489ca3338f70314848c00d980277003969035f45316daa2e4f536ab5beafa,0xfbb1b73c4f0bda4f67dca266ce6ef42f520fbb98,0x7071f121c038a98f8a7d485648a27fcd48891ba8,0,0,call,0x,38.75607112,None
4609899,1511481828,0x3b1f5706ea9726320511161d90ce221125687b8484461c8e96faf2d52e87241b,0xfbb1b73c4f0bda4f67dca266ce6ef42f520fbb98,0x7071f121c038a98f8a7d485648a27fcd48891ba8,0,0,call,0x,126.62249011,None
4611989,1511510577,0xdb35f247162941e47e3ab90991204478838bf935e3ba3540a1752981aa132e98,0xfbb1b73c4f0bda4f67dca266ce6ef42f520fbb98,0x7071f121c038a98f8a7d485648a27fcd48891ba8,0,0,call,0x,24.90500385,None
4612481,1511517713,0xca4b38a25d30619ce9a5e79ce13614a2627c5ea64f4a162be0a8784c346bc643,0xfbb1b73c4f0bda4f67dca266ce6ef42f520fbb98,0x7071f121c038a98f8a7d485648a27fcd48891ba8,0,0,call,0x,30.46887803000001,None
4612722,1511521466,0xd71e65f8fcfc4a808b38a534f34eb2e60cb0988ccc8d03f131a5901ee7aff949,0xfbb1b73c4f0bda4f67dca266ce6ef42f520fbb98,0x7071f121c038a98f8a7d485648a27fcd48891ba8,0,0,call,0x,56.82815826,None
4612977,1511524952,0x4e579e11e43d6bddda536092411c39c55c7128837299981a664db47f5f2306d5,0xfbb1b73c4f0bda4f67dca266ce6ef42f520fbb98,0x7071f121c038a98f8a7d485648a27fcd48891ba8,0,0,call,0x,48.57908146,None
4613245,1511528561,0xf79879451907bb2e97dc9086b819cabb444c2b0098d5adec6fadf860f005b67f,0xfbb1b73c4f0bda4f67dca266ce6ef42f520fbb98,0x7071f121c038a98f8a7d485648a27fcd48891ba8,0,0,call,0x,26.39078504,None
4613490,1511532138,0x9e0474186e93b564bf1e9866664adb8dfe96d1691b0f450740c4ce011e5e0e6a,0xfbb1b73c4f0bda4f67dca266ce6ef42f520fbb98,0x7071f121c038a98f8a7d485648a27fcd48891ba8,0,0,call,0x,96.77909336,None
4614020,1511539362,0xf22bcf922589a377a997a1418e0d716a4a7b9648edd11182d446eb996b48340a,0xfbb1b73c4f0bda4f67dca266ce6ef42f520fbb98,0x7071f121c038a98f8a7d485648a27fcd48891ba8,0,0,call,0x,54.91998048,None
4615070,1511553755,0xa6bfa0012b8999911475a969290fbf302d67a5afd2d15afdfcf5c380e9e19b5d,0xfbb1b73c4f0bda4f67dca266ce6ef42f520fbb98,0x7071f121c038a98f8a7d485648a27fcd48891ba8,0,0,call,0x,46.45836354,None
4615873,1511564524,0xdf407c8cee6baf7d7f1df99230911fb3eb26834588b23b47d78e9ff7b92bcd7f,0xfbb1b73c4f0bda4f67dca266ce6ef42f520fbb98,0x7071f121c038a98f8a7d485648a27fcd48891ba8,0,0,call,0x,38.38338579999999,None
4616128,1511568145,0x7ac30af94b2fb2dc322f71f22969857aa89de9ceb8261d3e3bbb52022464c49d,0xfbb1b73c4f0bda4f67dca266ce6ef42f520fbb98,0x7071f121c038a98f8a7d485648a27fcd48891ba8,0,0,call,0x,162.87132094999996,None
4616640,1511575443,0xe3c9b7a8d5c3fd4ce84f54b271fc209b7ea43a5c586908e23f9d4801377d81dd,0xfbb1b73c4f0bda4f67dca266ce6ef42f520fbb98,0x7071f121c038a98f8a7d485648a27fcd48891ba8,0,0,call,0x,43.92260149000001,None
4618177,1511596973,0x8961493f7508d6ee5814bd1ddef5b17c64bf87e6f686eee5c12fab3f792dead4,0xfbb1b73c4f0bda4f67dca266ce6ef42f520fbb98,0x7071f121c038a98f8a7d485648a27fcd48891ba8,0,0,call,0x,62.48599592,None
4618469,1511600552,0x6e85dc678f327c13c78df6e91917e3fc593e1f901a2f527c8f792dcb4cb1ae3c,0xfbb1b73c4f0bda4f67dca266ce6ef42f520fbb98,0x7071f121c038a98f8a7d485648a27fcd48891ba8,0,0,call,0x,42.84219501000001,None
4618719,1511604159,0xaea5d80dcbc0c58163d15ab2b0d0c33bee43cfe8e1e2f3433a9f068435826c56,0xfbb1b73c4f0bda4f67dca266ce6ef42f520fbb98,0x7071f121c038a98f8a7d485648a27fcd48891ba8,0,0,call,0x,24.58987887,None
4625677,1511701351,0xdf89bb87ea7063bb50954a9ea9613f664fcf4b1d49d86193f4e686c5c8a9d043,0xfbb1b73c4f0bda4f67dca266ce6ef42f520fbb98,0x7071f121c038a98f8a7d485648a27fcd48891ba8,0,0,call,0x,47.34651982000001,None
4625923,1511704905,0xb987fd0f43bb493df412d763a1ec97f6a9c2f4ec887925029bae23c53fd4b6e1,0xfbb1b73c4f0bda4f67dca266ce6ef42f520fbb98,0x7071f121c038a98f8a7d485648a27fcd48891ba8,0,0,call,0x,48.25413816,None
4626202,1511708600,0xa22e997a874bfa90afa155f5adf0a7856ff4886cdbe65e257b7dfe36e3925448,0xfbb1b73c4f0bda4f67dca266ce6ef42f520fbb98,0x7071f121c038a98f8a7d485648a27fcd48891ba8,0,0,call,0x,32.95069177,None
4626723,1511715839,0x5124af84c450b2baa574d58cc609fe77da8ab87e013d5b3c55fece3e09718d42,0xfbb1b73c4f0bda4f67dca266ce6ef42f520fbb98,0x7071f121c038a98f8a7d485648a27fcd48891ba8,0,0,call,0x,29.04326303,None
4627963,1511733711,0xbf59758daf8e9e803f80f6aabbf1526bc1141122887da4b6ea383ba055a233c4,0xfbb1b73c4f0bda4f67dca266ce6ef42f520fbb98,0x7071f121c038a98f8a7d485648a27fcd48891ba8,0,0,call,0x,49.7482638,None
4628245,1511737332,0xfac6010fc2f102ca38c8d1e5aaa9c3d1a6e9aa7ce562997d09d602b52b2e1969,0xfbb1b73c4f0bda4f67dca266ce6ef42f520fbb98,0x7071f121c038a98f8a7d485648a27fcd48891ba8,0,0,call,0x,41.08286077,None
4628497,1511740955,0x64d8191b1bbb1cbb4cd56b652f19b966da97014ff6bdafda0c8877f0fb7fa276,0xfbb1b73c4f0bda4f67dca266ce6ef42f520fbb98,0x7071f121c038a98f8a7d485648a27fcd48891ba8,0,0,call,0x,25.50713858,None
4629793,1511759029,0xd8a2d74ed383a60bfb6282b7d822a5c67e33317ad95a614640923ca2812e27b8,0xfbb1b73c4f0bda4f67dca266ce6ef42f520fbb98,0x7071f121c038a98f8a7d485648a27fcd48891ba8,0,0,call,0x,55.17614728,None
4630064,1511762676,0x410debda6e39e25fa0ee553a0cf2e5a2e619bc8b740aca7854f06a7199b1552c,0xfbb1b73c4f0bda4f67dca266ce6ef42f520fbb98,0x7071f121c038a98f8a7d485648a27fcd48891ba8,0,0,call,0x,28.74185642,None
4630302,1511766151,0xeab82e6aefccc39d8fdfc0a61b93a0bfbf6f86b3c065876d7d69e0022badb4ab,0xfbb1b73c4f0bda4f67dca266ce6ef42f520fbb98,0x7071f121c038a98f8a7d485648a27fcd48891ba8,0,0,call,0x,30.05704697,None
4630554,1511769754,0x2ba12da5e102336e9375891d65f7cc849e7d8d96a82de80c96ede2bb1e1cd26c,0xfbb1b73c4f0bda4f67dca266ce6ef42f520fbb98,0x7071f121c038a98f8a7d485648a27fcd48891ba8,0,0,call,0x,34.14620972,None
4630807,1511773387,0xf3c51a16de1fdfe5b91e45679e5564a397439342aaff26fa72b59ef1099027e2,0xfbb1b73c4f0bda4f67dca266ce6ef42f520fbb98,0x7071f121c038a98f8a7d485648a27fcd48891ba8,0,0,call,0x,63.38379871,None
4631061,1511776889,0x232f468a1d57196af93503a4aadb4025a1a3a846d752ee39e8ed21915ee40391,0xfbb1b73c4f0bda4f67dca266ce6ef42f520fbb98,0x7071f121c038a98f8a7d485648a27fcd48891ba8,0,0,call,0x,29.85690212,None
4632068,1511791355,0xe482b6e59e33bf29bee45b70605729c83a20f47b549703557d29136b44180294,0xfbb1b73c4f0bda4f67dca266ce6ef42f520fbb98,0x7071f121c038a98f8a7d485648a27fcd48891ba8,0,0,call,0x,51.67001621,None
4632319,1511794949,0x6005b0ac91c3710a1d57dd1e7ecec59da149890178e666cd18660770dcb36de6,0xfbb1b73c4f0bda4f67dca266ce6ef42f520fbb98,0x7071f121c038a98f8a7d485648a27fcd48891ba8,0,0,call,0x,53.47204244,None
4632570,1511798587,0xd961e06529022a805e89688bd5cf25e340d0a62939d76a078291116097e1a03c,0xfbb1b73c4f0bda4f67dca266ce6ef42f520fbb98,0x7071f121c038a98f8a7d485648a27fcd48891ba8,0,0,call,0x,32.06409841,None
4632804,1511802091,0xe2bc8dd3e4dc455e6f63b584b776912adeafc2f77ee9764bf0deb5234481e6bc,0xfbb1b73c4f0bda4f67dca266ce6ef42f520fbb98,0x7071f121c038a98f8a7d485648a27fcd48891ba8,0,0,call,0x,61.75509409,None
4633051,1511805711,0xb9fdd8c59a0d486d788aa6355cb1563b63432a60739f50a2dbc79f59f99d9d14,0xfbb1b73c4f0bda4f67dca266ce6ef42f520fbb98,0x7071f121c038a98f8a7d485648a27fcd48891ba8,0,0,call,0x,46.63200439,None
4633306,1511809385,0x4dcf97f48b09899329006abb77f901f0876ca6b50f3bb5eb352ef0430bc11bb0,0xfbb1b73c4f0bda4f67dca266ce6ef42f520fbb98,0x7071f121c038a98f8a7d485648a27fcd48891ba8,0,0,call,0x,45.50299789,None
4633551,1511812931,0x25e815a503b0e947baedc38513bd5402549c777d87ebe80a06931468af223675,0xfbb1b73c4f0bda4f67dca266ce6ef42f520fbb98,0x7071f121c038a98f8a7d485648a27fcd48891ba8,0,0,call,0x,74.11075077999998,None
4633808,1511816605,0x11857c0fa49c4eeb7fdd30aa776ff68619d4495c1a5749a761736a2284cdb800,0xfbb1b73c4f0bda4f67dca266ce6ef42f520fbb98,0x7071f121c038a98f8a7d485648a27fcd48891ba8,0,0,call,0x,28.07273872,None
4634308,1511823820,0x30873c0d94c1e797b0cbc5139384be2b20fe8c6e81018120fc4614edd273951c,0xfbb1b73c4f0bda4f67dca266ce6ef42f520fbb98,0x7071f121c038a98f8a7d485648a27fcd48891ba8,0,0,call,0x,62.59747538,None
4634829,1511830970,0x48f8bd5e1da17412ce3d261448dd12e940132956fe296371c24e23155af6f620,0xfbb1b73c4f0bda4f67dca266ce6ef42f520fbb98,0x7071f121c038a98f8a7d485648a27fcd48891ba8,0,0,call,0x,44.89041914,None
4636374,1511852569,0x5b44dab8451358b786a0d4c397ac29547dfd2c8bf088009a61c7e6637936175a,0xfbb1b73c4f0bda4f67dca266ce6ef42f520fbb98,0x7071f121c038a98f8a7d485648a27fcd48891ba8,0,0,call,0x,23.81320369,None
4636618,1511856133,0x393b7227adfd740a6777d01fec59d32d5ad5f0a702edf45d7421a0f66c1f1688,0xfbb1b73c4f0bda4f67dca266ce6ef42f520fbb98,0x7071f121c038a98f8a7d485648a27fcd48891ba8,0,0,call,0x,81.90751509,None
4637375,1511866985,0x51f58162c0f21db767f40374e1e9687b6f29fdbdec93e169df7c11b59635cc11,0xfbb1b73c4f0bda4f67dca266ce6ef42f520fbb98,0x7071f121c038a98f8a7d485648a27fcd48891ba8,0,0,call,0x,73.99457909,None
4637647,1511870655,0x672d3ee41d9daef460053ff3c7ab5223a9de77c57e9ee919d1b49d0a0b5edfcf,0xfbb1b73c4f0bda4f67dca266ce6ef42f520fbb98,0x7071f121c038a98f8a7d485648a27fcd48891ba8,0,0,call,0x,67.55102898999999,None
4637896,1511874178,0x12605cadd7848f4847353247b9ca928ab97eb88603e1a2405172e73817bfdbb9,0xfbb1b73c4f0bda4f67dca266ce6ef42f520fbb98,0x7071f121c038a98f8a7d485648a27fcd48891ba8,0,0,call,0x,66.61040584999999,None
4638165,1511877733,0x1f7b5b4ccc6c290099f30ac6b68220bf1c5750af1e2badb4325e4cba7cdc274f,0xfbb1b73c4f0bda4f67dca266ce6ef42f520fbb98,0x7071f121c038a98f8a7d485648a27fcd48891ba8,0,0,call,0x,61.41352041,None
4638383,1511881378,0xf39fc4ebc4a88da60c8019aefa3d3572f322e033c391c6bd827fd73e5761ec1e,0xfbb1b73c4f0bda4f67dca266ce6ef42f520fbb98,0x7071f121c038a98f8a7d485648a27fcd48891ba8,0,0,call,0x,73.2840655,None
4638664,1511885017,0x1dcc720f4e6d4a1d9b6fd1b7fba2688edc0147c61d9a987ad90b6052cddc9884,0xfbb1b73c4f0bda4f67dca266ce6ef42f520fbb98,0x7071f121c038a98f8a7d485648a27fcd48891ba8,0,0,call,0x,42.57897139999999,None
4638896,1511888615,0xc449d05aa33be3f3c2bceff583a7a056a8bb8f515a771c0bb6fb705cffeb2009,0xfbb1b73c4f0bda4f67dca266ce6ef42f520fbb98,0x7071f121c038a98f8a7d485648a27fcd48891ba8,0,0,call,0x,70.69215242,None
4639127,1511892185,0x5138cabf3d559945cca49626117bf98b510c8175ba29a82ca3bb8cb4cda1ef39,0xfbb1b73c4f0bda4f67dca266ce6ef42f520fbb98,0x7071f121c038a98f8a7d485648a27fcd48891ba8,0,0,call,0x,114.40508812,None
4639395,1511895740,0xbd1e15053e868badd05234a59e452262625dc5ab6aa7969795426e3c007fbcb1,0xfbb1b73c4f0bda4f67dca266ce6ef42f520fbb98,0x7071f121c038a98f8a7d485648a27fcd48891ba8,0,0,call,0x,63.69826819,None
4639665,1511899391,0x869fcca8fcdc9b378a1b05aa59ff4bae80939b6f55202ca3c55a7239e1255b67,0xfbb1b73c4f0bda4f67dca266ce6ef42f520fbb98,0x7071f121c038a98f8a7d485648a27fcd48891ba8,0,0,call,0x,60.85235776,None
4639920,1511902920,0x7a708b8791bc3bcba6cbcca2db7dc3dc79201d8d04ebe0d3aedabb2027fc7662,0xfbb1b73c4f0bda4f67dca266ce6ef42f520fbb98,0x7071f121c038a98f8a7d485648a27fcd48891ba8,0,0,call,0x,64.66308076,None
4640168,1511906480,0x151a433b7f4d006dfc6ceb3ae44354261fd87da676797bd90d63ca586061fa35,0xfbb1b73c4f0bda4f67dca266ce6ef42f520fbb98,0x7071f121c038a98f8a7d485648a27fcd48891ba8,0,0,call,0x,106.82562485,None
4640416,1511910139,0x2dcdf27de2e9aedb8b9e403953c8c2b6998fac07baa6fe3a6257a25f15c6e8c1,0xfbb1b73c4f0bda4f67dca266ce6ef42f520fbb98,0x7071f121c038a98f8a7d485648a27fcd48891ba8,0,0,call,0x,58.14188852,None
4640676,1511913697,0x46a1024a5acb4812824563212ea7da7019a9b9c9ed616c906df32dd8a01df623,0xfbb1b73c4f0bda4f67dca266ce6ef42f520fbb98,0x7071f121c038a98f8a7d485648a27fcd48891ba8,0,0,call,0x,28.61276141,None
4641164,1511920947,0x65d19cacc666fc0a9f75698ae1ad6898e7134dc0dfbba613ebe9fe16933f36c5,0xfbb1b73c4f0bda4f67dca266ce6ef42f520fbb98,0x7071f121c038a98f8a7d485648a27fcd48891ba8,0,0,call,0x,46.97340928,None
4641906,1511931682,0x83cfdffd2c8b184504203ec7024c814b124e99af108dd5991f18d739a8f8e9d2,0xfbb1b73c4f0bda4f67dca266ce6ef42f520fbb98,0x7071f121c038a98f8a7d485648a27fcd48891ba8,0,0,call,0x,36.04973577,None
4642690,1511942521,0x5dcf571ff8829fad4ac98919e29601deb14880ca8c4d519a3ddd06617d6b934a,0xfbb1b73c4f0bda4f67dca266ce6ef42f520fbb98,0x7071f121c038a98f8a7d485648a27fcd48891ba8,0,0,call,0x,64.62184588000001,None
4642946,1511946175,0x11a8355a7074c6544e7ce96d4b3817ceed89a18f6457f6a81d90efb1db86c8e5,0xfbb1b73c4f0bda4f67dca266ce6ef42f520fbb98,0x7071f121c038a98f8a7d485648a27fcd48891ba8,0,0,call,0x,43.90199341,None
4643226,1511949707,0x7f52709809404a89944e0cb136aecd50bafd4b49609a7fd1e90cb189354568cf,0xfbb1b73c4f0bda4f67dca266ce6ef42f520fbb98,0x7071f121c038a98f8a7d485648a27fcd48891ba8,0,0,call,0x,41.43268615,None
4643504,1511953297,0xdcb5293cd29e6e5f0acf0f6d2bb9892c33342f2880120bef1f4caaa3c8f704fc,0xfbb1b73c4f0bda4f67dca266ce6ef42f520fbb98,0x7071f121c038a98f8a7d485648a27fcd48891ba8,0,0,call,0x,48.30226752,None
4643778,1511956981,0x03517f3c7d980bc8dcf1e7f474f9cf381973cdea87eca5b9999c0d0169d63755,0xfbb1b73c4f0bda4f67dca266ce6ef42f520fbb98,0x7071f121c038a98f8a7d485648a27fcd48891ba8,0,0,call,0x,86.82781296,None
4644035,1511960563,0x04143e2ab2a485914236c8827331361faa3f1bc2c97611c1646fa7833ccac5b9,0xfbb1b73c4f0bda4f67dca266ce6ef42f520fbb98,0x7071f121c038a98f8a7d485648a27fcd48891ba8,0,0,call,0x,128.19790094,None
4644291,1511964219,0x637fd3e11d6a82c5049747ad859d4853fe9c9d9988a77cc8c123af0b79f975d9,0xfbb1b73c4f0bda4f67dca266ce6ef42f520fbb98,0x7071f121c038a98f8a7d485648a27fcd48891ba8,0,0,call,0x,137.20219201,None
4644553,1511967773,0x9715a5aada35c9b07e6f86f6aff3f0081ef7b8411c7823f4ef7c9fbfac6ff048,0xfbb1b73c4f0bda4f67dca266ce6ef42f520fbb98,0x7071f121c038a98f8a7d485648a27fcd48891ba8,0,0,call,0x,53.2372872,None
4644817,1511971521,0xcb8c527c418a6537c77f2067cc528de691a42ba97a587a79ca9f46472f6874e4,0xfbb1b73c4f0bda4f67dca266ce6ef42f520fbb98,0x7071f121c038a98f8a7d485648a27fcd48891ba8,0,0,call,0x,60.74012367,None
4645046,1511975169,0x30876bea24e164f6c5916fe4feb501491c6953ce9e62d803751c7ca551074b62,0xfbb1b73c4f0bda4f67dca266ce6ef42f520fbb98,0x7071f121c038a98f8a7d485648a27fcd48891ba8,0,0,call,0x,111.85777831,None
4645268,1511978542,0x91b2bada8c8b8d9963f40597812140cd7866b9cb2d225e841fcdc235a9ea59f5,0xfbb1b73c4f0bda4f67dca266ce6ef42f520fbb98,0x7071f121c038a98f8a7d485648a27fcd48891ba8,0,0,call,0x,90.21583117,None
4645512,1511982078,0xf7179a649671ae961cd99f7968f0d69721de22f4dadd4b63dc8a73ed79a42a57,0xfbb1b73c4f0bda4f67dca266ce6ef42f520fbb98,0x7071f121c038a98f8a7d485648a27fcd48891ba8,0,0,call,0x,52.27970807,None
4646271,1511992953,0xf4e8bc4e4f2001c4427a282080372320e698eb1b48e891ba84f557c22ac7d9d0,0xfbb1b73c4f0bda4f67dca266ce6ef42f520fbb98,0x7071f121c038a98f8a7d485648a27fcd48891ba8,0,0,call,0x,95.54489226,None
4646532,1511996579,0x4235087aa8acba0ef528c058ab1576f0be2a227a43b9ee931aaf57890d522e69,0xfbb1b73c4f0bda4f67dca266ce6ef42f520fbb98,0x7071f121c038a98f8a7d485648a27fcd48891ba8,0,0,call,0x,157.23410755999996,None
4646780,1512000130,0xafb55b41903696b2e4dae2865428127d4fdc5e8553b4a2b4b5a08295dabf4d0b,0xfbb1b73c4f0bda4f67dca266ce6ef42f520fbb98,0x7071f121c038a98f8a7d485648a27fcd48891ba8,0,0,call,0x,139.73364615999998,None
4647046,1512003757,0x467b285af077c0bf5f90395e72b92cf44b101ee2c3a08f6d7ff01a9055240270,0xfbb1b73c4f0bda4f67dca266ce6ef42f520fbb98,0x7071f121c038a98f8a7d485648a27fcd48891ba8,0,0,call,0x,44.86219166,None
4647317,1512007320,0x3e10a9b3a5bed4303d0031d5ce1a7ad54c7c93948d016989a31d21856b853673,0xfbb1b73c4f0bda4f67dca266ce6ef42f520fbb98,0x7071f121c038a98f8a7d485648a27fcd48891ba8,0,0,call,0x,28.74073785,None
4647573,1512010931,0xf366a38e78cfd1c49df5de3d1489884956842722eaa1b267b495cfee31c6ac71,0xfbb1b73c4f0bda4f67dca266ce6ef42f520fbb98,0x7071f121c038a98f8a7d485648a27fcd48891ba8,0,0,call,0x,25.95754333,None
4648609,1512025401,0x5d6c6ac16f793a8ae99f78a623b0667f1693b1563b083cd077ebe645950736c1,0xfbb1b73c4f0bda4f67dca266ce6ef42f520fbb98,0x7071f121c038a98f8a7d485648a27fcd48891ba8,0,0,call,0x,47.56890508000001,None
4648944,1512030275,0x0c1380cb5d30b75542e5e8d2a4f4e3ae5660521568fdbc8b1312616f6b5f090f,0xfbb1b73c4f0bda4f67dca266ce6ef42f520fbb98,0x7071f121c038a98f8a7d485648a27fcd48891ba8,0,0,call,0x,47.85505381,None
4649100,1512032528,0x1276be0c001d60848b680640295a7c1f9750e1c5cfe9c747aed1d6ff9b8c2344,0xfbb1b73c4f0bda4f67dca266ce6ef42f520fbb98,0x7071f121c038a98f8a7d485648a27fcd48891ba8,0,0,call,0x,192.19415896,None
4651629,1512068611,0xc01f8d659147dc36760830532fbf63189b79617ad1da00361af03c49dd9c7b52,0xfbb1b73c4f0bda4f67dca266ce6ef42f520fbb98,0x7071f121c038a98f8a7d485648a27fcd48891ba8,0,0,call,0x,40.04162323,None
4651900,1512072120,0x3f676de925c7e0d864ff6cb9e7246981dfa2b62223a042a2ee86929c6eacf261,0xfbb1b73c4f0bda4f67dca266ce6ef42f520fbb98,0x7071f121c038a98f8a7d485648a27fcd48891ba8,0,0,call,0x,168.22287301,None
4652171,1512075765,0xfd24bdd842601fb4470b367e26210c46051bda5f2ef15a7b03d0fdf95fc49807,0xfbb1b73c4f0bda4f67dca266ce6ef42f520fbb98,0x7071f121c038a98f8a7d485648a27fcd48891ba8,0,0,call,0x,66.01132036,None
4652426,1512079371,0x4d278df4759e55e9737b5a53955c919881f0b1435dab45a3a43ec427c59b428c,0xfbb1b73c4f0bda4f67dca266ce6ef42f520fbb98,0x7071f121c038a98f8a7d485648a27fcd48891ba8,0,0,call,0x,42.56779989,None
4652699,1512083030,0x41664a9374f53b70363c0ab242520b44a687d2be16954da48eb26032da6dd466,0xfbb1b73c4f0bda4f67dca266ce6ef42f520fbb98,0x7071f121c038a98f8a7d485648a27fcd48891ba8,0,0,call,0x,60.74564136,None
4652939,1512086593,0x474f9a1325a8e754f9e5f18f6df8595c49b14b257f91e0ef2eb6d3774c75acde,0xfbb1b73c4f0bda4f67dca266ce6ef42f520fbb98,0x7071f121c038a98f8a7d485648a27fcd48891ba8,0,0,call,0x,60.23019349000001,None
4653198,1512090187,0x2fdd414acb27210752ca6f00706e15d2d50f47e0e29f3722bca1560f44238750,0xfbb1b73c4f0bda4f67dca266ce6ef42f520fbb98,0x7071f121c038a98f8a7d485648a27fcd48891ba8,0,0,call,0x,28.51816916,None
4655475,1512122522,0xcd1f3b611481463fdacd25739d8746fe1a5d7161cd38c6e04c4c50e9bfce3536,0xfbb1b73c4f0bda4f67dca266ce6ef42f520fbb98,0x7071f121c038a98f8a7d485648a27fcd48891ba8,0,0,call,0x,95.41134918,None
4655740,1512126190,0x6c54ec48e4fdfde409436ef6dbb8f8dcb091f3860d82fe3e82685d103eabe81a,0xfbb1b73c4f0bda4f67dca266ce6ef42f520fbb98,0x7071f121c038a98f8a7d485648a27fcd48891ba8,0,0,call,0x,45.56027765,None
4655983,1512129801,0xc0bc3d45f5a1d897c6826c4a3e360e9c28a77871e85fd4e351c8763ad930e440,0xfbb1b73c4f0bda4f67dca266ce6ef42f520fbb98,0x7071f121c038a98f8a7d485648a27fcd48891ba8,0,0,call,0x,104.37381554,None
4656250,1512133305,0x7287387792182464f6294058b932cd2d19c72d635417c2deec46835246786eba,0xfbb1b73c4f0bda4f67dca266ce6ef42f520fbb98,0x7071f121c038a98f8a7d485648a27fcd48891ba8,0,0,call,0x,60.89332213,None
4656510,1512136952,0x6f51147533222181efc2cdffaa9eabaf5eaf138e796a7119da9057f114a3887c,0xfbb1b73c4f0bda4f67dca266ce6ef42f520fbb98,0x7071f121c038a98f8a7d485648a27fcd48891ba8,0,0,call,0x,59.04372299,None
4657052,1512144200,0xc04191a0b1c51ef27c7401a08265b2f116e8947a3f27aab09a28a57ef57740c1,0xfbb1b73c4f0bda4f67dca266ce6ef42f520fbb98,0x7071f121c038a98f8a7d485648a27fcd48891ba8,0,0,call,0x,48.13782597,None
4657296,1512147727,0x7ab6b25361fa3c933b4021235f25fc3e9bb9d0d98a8b27b7f66f53d88a797285,0xfbb1b73c4f0bda4f67dca266ce6ef42f520fbb98,0x7071f121c038a98f8a7d485648a27fcd48891ba8,0,0,call,0x,101.23512914,None
4657527,1512151378,0x1e3b55720bbc7b0c93398e4141a13ba6c20c4f7dcc60a1e87ad57bb1f3e3efc3,0xfbb1b73c4f0bda4f67dca266ce6ef42f520fbb98,0x7071f121c038a98f8a7d485648a27fcd48891ba8,0,0,call,0x,28.59637075,None
4657794,1512154993,0x0d980c1a6ee080d1df653fa0c1091918afbd61f6f22493e4afec66919d4a443e,0xfbb1b73c4f0bda4f67dca266ce6ef42f520fbb98,0x7071f121c038a98f8a7d485648a27fcd48891ba8,0,0,call,0x,32.41381841,None
4658052,1512158569,0xf6dcb4e352bd1fba08c81f50bddf908aa8239f4899f4b508458e08899908d3b1,0xfbb1b73c4f0bda4f67dca266ce6ef42f520fbb98,0x7071f121c038a98f8a7d485648a27fcd48891ba8,0,0,call,0x,61.17236412000001,None
4658297,1512162117,0x048409db3143a75843b9167bcf581a63e073e36704ae770352876f4bc38a9c24,0xfbb1b73c4f0bda4f67dca266ce6ef42f520fbb98,0x7071f121c038a98f8a7d485648a27fcd48891ba8,0,0,call,0x,55.88068632,None
4658796,1512169313,0x0b66711c4717e661988f63236a858ca85dccf716aba4c8739b336687cf1ca617,0xfbb1b73c4f0bda4f67dca266ce6ef42f520fbb98,0x7071f121c038a98f8a7d485648a27fcd48891ba8,0,0,call,0x,31.80168317,None
4663899,1512241318,0xdb55ac7e5169c3ccbbbc749ca674259a06dc794b70cfe8e3bd03022328ec0d72,0xfbb1b73c4f0bda4f67dca266ce6ef42f520fbb98,0x7071f121c038a98f8a7d485648a27fcd48891ba8,0,0,call,0x,34.53081216,None
4664384,1512248523,0x1c150740524b2931efc8c84c1f4df73f23b917c02edde8297ad5b27529d6731f,0xfbb1b73c4f0bda4f67dca266ce6ef42f520fbb98,0x7071f121c038a98f8a7d485648a27fcd48891ba8,0,0,call,0x,39.60533616,None
4664629,1512252219,0xa40f021279e869ea19f6473fc9aba8eddb75218ac44001dce1d6cc80aefe89d3,0xfbb1b73c4f0bda4f67dca266ce6ef42f520fbb98,0x7071f121c038a98f8a7d485648a27fcd48891ba8,0,0,call,0x,45.16671329,None
4664860,1512255735,0x1960357ed2cf03a46b0b15c79f9602a8faa8fa3405114670288bda17b851a20b,0xfbb1b73c4f0bda4f67dca266ce6ef42f520fbb98,0x7071f121c038a98f8a7d485648a27fcd48891ba8,0,0,call,0x,43.47310617,None
4667373,1512291801,0xa1e1252c00b007a5b3f6143072891fbf4e4f74aee9c14316939da280da6d58f4,0xfbb1b73c4f0bda4f67dca266ce6ef42f520fbb98,0x7071f121c038a98f8a7d485648a27fcd48891ba8,0,0,call,0x,24.89119796,None
4667619,1512295372,0xb022a67b2eeb3233911d64363a1fed138d8074164137d9b02dffaf8c32bfaefc,0xfbb1b73c4f0bda4f67dca266ce6ef42f520fbb98,0x7071f121c038a98f8a7d485648a27fcd48891ba8,0,0,call,0x,24.56965812,None
4667870,1512298910,0x6b6e38320369bcd62d02e5c7889def6cd8bbf9c17c5571b502c19ca58fac5e45,0xfbb1b73c4f0bda4f67dca266ce6ef42f520fbb98,0x7071f121c038a98f8a7d485648a27fcd48891ba8,0,0,call,0x,39.6475967,None
4668132,1512302585,0xe3b276ff593c48d1b5414b74a49a140c9705f792137e4a0f6f70050a4e5be0de,0xfbb1b73c4f0bda4f67dca266ce6ef42f520fbb98,0x7071f121c038a98f8a7d485648a27fcd48891ba8,0,0,call,0x,62.29167814,None
4668391,1512306195,0x830358d7e3fc05eff2b90c87b13d42a4a0623dae19f044cfcc62918b62c4e1bf,0xfbb1b73c4f0bda4f67dca266ce6ef42f520fbb98,0x7071f121c038a98f8a7d485648a27fcd48891ba8,0,0,call,0x,70.59576484,None
4668634,1512309701,0x5a266ac65e054832dc6365d3ee35a7c837c1b1abdb615e28120b9d873ec04360,0xfbb1b73c4f0bda4f67dca266ce6ef42f520fbb98,0x7071f121c038a98f8a7d485648a27fcd48891ba8,0,0,call,0x,80.17061189,None
4668892,1512313327,0xbd3a5662aa0364ae925ce3e5c4178d7b1e19d821dd897a9decc81804669bf4e0,0xfbb1b73c4f0bda4f67dca266ce6ef42f520fbb98,0x7071f121c038a98f8a7d485648a27fcd48891ba8,0,0,call,0x,35.23415506,None
4669158,1512317117,0xbe7705912cdacad2eee6aeb8dd56fc918361f42564b188a9bbae7f54ded9baca,0xfbb1b73c4f0bda4f67dca266ce6ef42f520fbb98,0x7071f121c038a98f8a7d485648a27fcd48891ba8,0,0,call,0x,70.91928523,None
4669675,1512324365,0x6d972cfcf8f53f0cbbc92c3dc04e4f8b78f632aab8e5a818c2c040f3e05e2514,0xfbb1b73c4f0bda4f67dca266ce6ef42f520fbb98,0x7071f121c038a98f8a7d485648a27fcd48891ba8,0,0,call,0x,50.46833457,None
4669916,1512327761,0x905f6351ec2b3649830198b97bf04d4b2ca6a6b64e133855970f161adbd3b0b0,0xfbb1b73c4f0bda4f67dca266ce6ef42f520fbb98,0x7071f121c038a98f8a7d485648a27fcd48891ba8,0,0,call,0x,88.92128767,None
4670183,1512331345,0x21670e0295ac87e064d99f779eaa0165a7faf31e7501b90646ab24598ec92aeb,0xfbb1b73c4f0bda4f67dca266ce6ef42f520fbb98,0x7071f121c038a98f8a7d485648a27fcd48891ba8,0,0,call,0x,62.663768280000006,None
4670910,1512342210,0xdf21ceac3e3567608450a6e8b9e13232448dfa3bac395f20a8bfd4f83ee90bc6,0xfbb1b73c4f0bda4f67dca266ce6ef42f520fbb98,0x7071f121c038a98f8a7d485648a27fcd48891ba8,0,0,call,0x,39.98365652,None
4671185,1512346335,0x499c921e60ddd0e72674cb9618488c19d2b3ddb5a45e2f3c65111a926cd81f3f,0xfbb1b73c4f0bda4f67dca266ce6ef42f520fbb98,0x7071f121c038a98f8a7d485648a27fcd48891ba8,0,0,call,0x,26.49206201,None
4671618,1512352957,0xff260c310bc01a6492484c6f13ed557e1eb7e99a5668b4bb531003f959140a6a,0xfbb1b73c4f0bda4f67dca266ce6ef42f520fbb98,0x7071f121c038a98f8a7d485648a27fcd48891ba8,0,0,call,0x,29.42539137,None
4672614,1512367292,0xf6715d0df9fa3f2e28270d618c910f95b4fe222f6df82e808283e1692d71a551,0xfbb1b73c4f0bda4f67dca266ce6ef42f520fbb98,0x7071f121c038a98f8a7d485648a27fcd48891ba8,0,0,call,0x,31.28691913,None
4673099,1512374591,0xed9fca786ac0ec6c19177b9234b05ccdbaa72a37a9600a6ee9c063097406ec3b,0xfbb1b73c4f0bda4f67dca266ce6ef42f520fbb98,0x7071f121c038a98f8a7d485648a27fcd48891ba8,0,0,call,0x,38.82056595,None
4673342,1512378182,0xd056aaa6d22db04a1103c39b4f7a153fba63dbc6e3e70973a3350f9cf6c1dc8d,0xfbb1b73c4f0bda4f67dca266ce6ef42f520fbb98,0x7071f121c038a98f8a7d485648a27fcd48891ba8,0,0,call,0x,35.51929645,None
4673585,1512381771,0x5bc71d0d4913a82212deaaf9849bc848f91b1af4fcd46b8b0c249957c6463d8b,0xfbb1b73c4f0bda4f67dca266ce6ef42f520fbb98,0x7071f121c038a98f8a7d485648a27fcd48891ba8,0,0,call,0x,110.28369662,None
4673839,1512385539,0x4a2c92ed86842a791374253e2c4b8ecf8761fdeb43167747f52f379209f73e86,0xfbb1b73c4f0bda4f67dca266ce6ef42f520fbb98,0x7071f121c038a98f8a7d485648a27fcd48891ba8,0,0,call,0x,74.52763511,None
4674058,1512388892,0x9b73bad47d612dbb38ace5eda8421d6fd613d57f69e733c1565846582c81c761,0xfbb1b73c4f0bda4f67dca266ce6ef42f520fbb98,0x7071f121c038a98f8a7d485648a27fcd48891ba8,0,0,call,0x,59.58380447,None
4674296,1512392553,0x9e7440330e0cf85c961d382152b830d2d4c1d410e538d6d545f88889170d90a4,0xfbb1b73c4f0bda4f67dca266ce6ef42f520fbb98,0x7071f121c038a98f8a7d485648a27fcd48891ba8,0,0,call,0x,65.39139738,None
4674533,1512396247,0x6d0e690b7a81b6a8da28075dea1685f89583b6d0caaaf336b14727e4c98e5136,0xfbb1b73c4f0bda4f67dca266ce6ef42f520fbb98,0x7071f121c038a98f8a7d485648a27fcd48891ba8,0,0,call,0x,33.49010367,None
4674796,1512400311,0xe3c00cf66dbe0c2d29fa7ad8dac185c5e4d40521dfd70bfecfb8aa5294051adb,0xfbb1b73c4f0bda4f67dca266ce6ef42f520fbb98,0x7071f121c038a98f8a7d485648a27fcd48891ba8,0,0,call,0x,71.823524,None
4674998,1512403575,0xc715f90d3081eb0f3b3f0b0d241c6e3a1854cbded32f664fafa41fac0ad520d6,0xfbb1b73c4f0bda4f67dca266ce6ef42f520fbb98,0x7071f121c038a98f8a7d485648a27fcd48891ba8,0,0,call,0x,110.07006827,None
4675223,1512407000,0x470c6f9dc74efe255a29b85f180999249b81d8fdad219c7fe080b1343a98156c,0xfbb1b73c4f0bda4f67dca266ce6ef42f520fbb98,0x7071f121c038a98f8a7d485648a27fcd48891ba8,0,0,call,0x,91.8554803,None
4675460,1512410662,0xcca7b14432920fd87e654cf410ad3a1f7cca7825aad52287302d3084058bce4b,0xfbb1b73c4f0bda4f67dca266ce6ef42f520fbb98,0x7071f121c038a98f8a7d485648a27fcd48891ba8,0,0,call,0x,86.17468832,None
4675701,1512414211,0x66be2bf23fb186bfea10e0d01b2599d7f466e8780f4b5792d497693f03bbbc84,0xfbb1b73c4f0bda4f67dca266ce6ef42f520fbb98,0x7071f121c038a98f8a7d485648a27fcd48891ba8,0,0,call,0x,73.69724015,None
4675935,1512418210,0x8d8352f759a0c788eb2b41c7e8730148446d0a30cf3aa1d21b0be5486558c506,0xfbb1b73c4f0bda4f67dca266ce6ef42f520fbb98,0x7071f121c038a98f8a7d485648a27fcd48891ba8,0,0,call,0x,56.03185543,None
4676130,1512421452,0xb2d7d916c4be5eee1268ea4333723ed5ea2594f24e85ae936f0e1557b361685e,0xfbb1b73c4f0bda4f67dca266ce6ef42f520fbb98,0x7071f121c038a98f8a7d485648a27fcd48891ba8,0,0,call,0x,23.99578586,None
4676368,1512424922,0xb40a2bb4659b590c5e3bf14beee78c7b426eddb931849b26d89ec5fc340f818b,0xfbb1b73c4f0bda4f67dca266ce6ef42f520fbb98,0x7071f121c038a98f8a7d485648a27fcd48891ba8,0,0,call,0x,134.27029015,None
4676597,1512428656,0x306971cba525247e382b0b7199a97eeb7fc70778e885f3502f1c2917d93a2a0c,0xfbb1b73c4f0bda4f67dca266ce6ef42f520fbb98,0x7071f121c038a98f8a7d485648a27fcd48891ba8,0,0,call,0x,57.70216805,None
4676899,1512433258,0xc1f39804a6492ac8164148a9167097b330ff27f2969a9f2c191d78197d275fb7,0xfbb1b73c4f0bda4f67dca266ce6ef42f520fbb98,0x7071f121c038a98f8a7d485648a27fcd48891ba8,0,0,call,0x,51.97754099,None
4677727,1512446609,0x8d36b32515a760b3af1f4a883c2df183ce86f0e1505ba32923cb86fd4a4ce89d,0xfbb1b73c4f0bda4f67dca266ce6ef42f520fbb98,0x7071f121c038a98f8a7d485648a27fcd48891ba8,0,0,call,0x,37.78792841,None
4678192,1512453777,0xe76bbe94a65794e6e78852c8dd9318d91112d902bd1e1adcbdc9bc012dd4b32b,0xfbb1b73c4f0bda4f67dca266ce6ef42f520fbb98,0x7071f121c038a98f8a7d485648a27fcd48891ba8,0,0,call,0x,37.31193026,None
4678447,1512457428,0xef78abce59b4fddebad58c9d610203b23b5523ff39d412b72c98df03de44b8ce,0xfbb1b73c4f0bda4f67dca266ce6ef42f520fbb98,0x7071f121c038a98f8a7d485648a27fcd48891ba8,0,0,call,0x,36.45746713,None
4678667,1512461056,0x3d9406733f79dae48ebc45cb7842cd08ccd35fc93a0f92defc4fc941873deddc,0xfbb1b73c4f0bda4f67dca266ce6ef42f520fbb98,0x7071f121c038a98f8a7d485648a27fcd48891ba8,0,0,call,0x,45.7024236,None
4678890,1512464609,0x3f5f5fd1f9ad32966075d6f91df479a1be0ad51a1ba3fe07c18cb0549060115a,0xfbb1b73c4f0bda4f67dca266ce6ef42f520fbb98,0x7071f121c038a98f8a7d485648a27fcd48891ba8,0,0,call,0x,104.96241635,None
4680488,1512489776,0x483a4545bc155fdd0bd72d37831fce1b04595d4dcccd092c53b960afeec4e5a6,0xfbb1b73c4f0bda4f67dca266ce6ef42f520fbb98,0x7071f121c038a98f8a7d485648a27fcd48891ba8,0,0,call,0x,83.84322437,None
4680601,1512491479,0xb655c6dd408be2e4c7d37ba53bc65bf83b855d286088826606d20c5b72936b34,0xfbb1b73c4f0bda4f67dca266ce6ef42f520fbb98,0x7071f121c038a98f8a7d485648a27fcd48891ba8,0,0,call,0x,48.45093983,None
4681124,1512499366,0x4524918ba6d7fbaff5a1add947da9ec5f2cb8cba77b4953a2d4001b859850c9a,0xfbb1b73c4f0bda4f67dca266ce6ef42f520fbb98,0x7071f121c038a98f8a7d485648a27fcd48891ba8,0,0,call,0x,256.91141444,None
4681353,1512503070,0x27a8bc10a99f0e3a7c5fceee9cdea0962b879ffdeb8156512693297728f97071,0xfbb1b73c4f0bda4f67dca266ce6ef42f520fbb98,0x7071f121c038a98f8a7d485648a27fcd48891ba8,0,0,call,0x,463.344426,None
4681560,1512506139,0xf65a92131c68cc0bb86cd724f94634c65e354445fdd6a21ed9db0541aeb30f61,0xfbb1b73c4f0bda4f67dca266ce6ef42f520fbb98,0x7071f121c038a98f8a7d485648a27fcd48891ba8,0,0,call,0x,110.40950907,None
4681914,1512511395,0x45030ed9b886cb0f96dd67a2782898a02037e15ec01ee1464a411b336aab4aac,0xfbb1b73c4f0bda4f67dca266ce6ef42f520fbb98,0x7071f121c038a98f8a7d485648a27fcd48891ba8,0,0,call,0x,180.35316371,None
4682164,1512514881,0x10975863e9d0200d8d67cd095fcbed7dfb66aca785ffdd8656adbd762872588e,0xfbb1b73c4f0bda4f67dca266ce6ef42f520fbb98,0x7071f121c038a98f8a7d485648a27fcd48891ba8,0,0,call,0x,93.0972483,None
4682632,1512522165,0x933a65de8253611e5d498cfef0e03d5f2fb105cb78aaf2088dd662e4d1cc9d7a,0xfbb1b73c4f0bda4f67dca266ce6ef42f520fbb98,0x7071f121c038a98f8a7d485648a27fcd48891ba8,0,0,call,0x,70.35541148,None
4682851,1512525738,0x8f1c65fb4016e15d1e67d9754ff5bf92f703605ed2db5dc8b1236e63493e2848,0xfbb1b73c4f0bda4f67dca266ce6ef42f520fbb98,0x7071f121c038a98f8a7d485648a27fcd48891ba8,0,0,call,0x,52.50968564,None
4683307,1512533033,0x564464ae70401321b74a60420b1f4dfd99c298b6ca9ec0222518d2be23fb7f20,0xfbb1b73c4f0bda4f67dca266ce6ef42f520fbb98,0x7071f121c038a98f8a7d485648a27fcd48891ba8,0,0,call,0x,31.2156126,None
4683531,1512536529,0x936d431890e6eab8f6bbef2de2edf1e5bac8e0395ea56b9b2bd7b940b33e659f,0xfbb1b73c4f0bda4f67dca266ce6ef42f520fbb98,0x7071f121c038a98f8a7d485648a27fcd48891ba8,0,0,call,0x,61.82569598,None
4683753,1512540095,0x50e6e290ac024745123ca4ea12036264d1b0ae944b262a863f3101e0d08df761,0xfbb1b73c4f0bda4f67dca266ce6ef42f520fbb98,0x7071f121c038a98f8a7d485648a27fcd48891ba8,0,0,call,0x,90.87654009,None
4683984,1512543792,0x9e696188df8fb55f0f62c78d7f50d3361104809e5c76d300898a66bbe855ed59,0xfbb1b73c4f0bda4f67dca266ce6ef42f520fbb98,0x7071f121c038a98f8a7d485648a27fcd48891ba8,0,0,call,0x,144.68083091,None
4684223,1512547373,0x9393ae1eda1fee53beb7361254100f3a7a49ee89897f873f81d948a98992570d,0xfbb1b73c4f0bda4f67dca266ce6ef42f520fbb98,0x7071f121c038a98f8a7d485648a27fcd48891ba8,0,0,call,0x,156.33038922,None
4684452,1512551050,0xdf30b5129e51990984720e2e32c7bc0cbd32ecafea9ac60dd8df1721ac6ff0c2,0xfbb1b73c4f0bda4f67dca266ce6ef42f520fbb98,0x7071f121c038a98f8a7d485648a27fcd48891ba8,0,0,call,0x,115.90311863,None
4684658,1512554530,0x3b9ba16c3655c4be362afbe2eb0f5eaa22bc0706b22d4efbdce02ac7e2b79d6d,0xfbb1b73c4f0bda4f67dca266ce6ef42f520fbb98,0x7071f121c038a98f8a7d485648a27fcd48891ba8,0,0,call,0x,175.37391384,None
4684889,1512558202,0x8c495147c556a1a98c092ca6211ee180de345aa195c75c43eb3933ac624d8e95,0xfbb1b73c4f0bda4f67dca266ce6ef42f520fbb98,0x7071f121c038a98f8a7d485648a27fcd48891ba8,0,0,call,0x,120.82688663,None
4685128,1512561783,0xf6866f2536c73be543f7ed70f1be72b84fcea5219cfffe77152bea8fb85046c1,0xfbb1b73c4f0bda4f67dca266ce6ef42f520fbb98,0x7071f121c038a98f8a7d485648a27fcd48891ba8,0,0,call,0x,185.96074408,None
4685348,1512565362,0xa8fbfa971350b9c304bd5318ac75501fdd95f7ca2ba1d9443c34cc18758e2f29,0xfbb1b73c4f0bda4f67dca266ce6ef42f520fbb98,0x7071f121c038a98f8a7d485648a27fcd48891ba8,0,0,call,0x,133.99254547,None
4685568,1512568933,0x8b5f35b32059fd0464e8eff550feb5a6c51e8332e0eff9264ca3646bd066ba5b,0xfbb1b73c4f0bda4f67dca266ce6ef42f520fbb98,0x7071f121c038a98f8a7d485648a27fcd48891ba8,0,0,call,0x,164.29397592,None
4685774,1512572597,0x279c0055c7a0660ec73dda209a834cbd62ae123abfb9bc5a32cfaafc5af01e25,0xfbb1b73c4f0bda4f67dca266ce6ef42f520fbb98,0x7071f121c038a98f8a7d485648a27fcd48891ba8,0,0,call,0x,169.79737769,None
4686004,1512576198,0xde5d8a52c33bce75c2ddfb53b912ed42e7354a8c3ffec50beaf32dd40ea01477,0xfbb1b73c4f0bda4f67dca266ce6ef42f520fbb98,0x7071f121c038a98f8a7d485648a27fcd48891ba8,0,0,call,0x,155.85180298,None
4686267,1512580294,0xc9392b6b95dd4526c342042d998545bdeac017a7ded4459eb34270b7969cb541,0xfbb1b73c4f0bda4f67dca266ce6ef42f520fbb98,0x7071f121c038a98f8a7d485648a27fcd48891ba8,0,0,call,0x,175.76357807000005,None
4686489,1512583656,0x5d9a5fb44bb9bbe66722a011bc5a92137d08525762eb20c8629007d99e09bed0,0xfbb1b73c4f0bda4f67dca266ce6ef42f520fbb98,0x7071f121c038a98f8a7d485648a27fcd48891ba8,0,0,call,0x,136.57174125,None
4686731,1512587660,0xb1d45a36f290d7132e6ba61ebc1f08f03c7f2f16a3eda4a4bbcde6bd7dd0c5b2,0xfbb1b73c4f0bda4f67dca266ce6ef42f520fbb98,0x7071f121c038a98f8a7d485648a27fcd48891ba8,0,0,call,0x,66.6228848,None
4687650,1512601469,0x23e7abe1c7944da0f8e9d4a94f4bbcf257fa02929e2caa0105375e1aefc7e6ef,0xfbb1b73c4f0bda4f67dca266ce6ef42f520fbb98,0x7071f121c038a98f8a7d485648a27fcd48891ba8,0,0,call,0x,88.17332189,None
4687887,1512605146,0x2f48d4426bba9a1b5013b63b7020e28c883771a7671f2a4e122fccd5f2bbe93c,0xfbb1b73c4f0bda4f67dca266ce6ef42f520fbb98,0x7071f121c038a98f8a7d485648a27fcd48891ba8,0,0,call,0x,195.43043942,None
4688120,1512608829,0x8239e3ab387cdc174afb9fe45f3187264dfb91a2ecb9d70d9b57acbda9d2198e,0xfbb1b73c4f0bda4f67dca266ce6ef42f520fbb98,0x7071f121c038a98f8a7d485648a27fcd48891ba8,0,0,call,0x,23.57739566,None
4690994,1512651719,0x1e4b113e816ac4c6e2acd0e89fb6388add0fdcbca0f06c7019ca0038c8d9c5bc,0xfbb1b73c4f0bda4f67dca266ce6ef42f520fbb98,0x7071f121c038a98f8a7d485648a27fcd48891ba8,0,0,call,0x,83.25729859,None
4691226,1512655400,0x3ffab5f2d882d17a1109c8e913718d706daa9a319e33b0f0b3cc61d4de6e816b,0xfbb1b73c4f0bda4f67dca266ce6ef42f520fbb98,0x7071f121c038a98f8a7d485648a27fcd48891ba8,0,0,call,0x,184.4566534,None
4691474,1512658916,0x41012720999ef7bb9536de4a5bcb50435e9866c606ff845fd48ba5a0cd2f3b35,0xfbb1b73c4f0bda4f67dca266ce6ef42f520fbb98,0x7071f121c038a98f8a7d485648a27fcd48891ba8,0,0,call,0x,182.83418567,None
4691698,1512662598,0xdaaaa1ad8320357a3024c60c606260d9d83d451defe3cb165edd975897c20ba2,0xfbb1b73c4f0bda4f67dca266ce6ef42f520fbb98,0x7071f121c038a98f8a7d485648a27fcd48891ba8,0,0,call,0x,186.23108126,None
4691920,1512666202,0x6874cd0a75899414e8ffe1ac78f2d29be07d4f7f40365592da9e8f89e737c67c,0xfbb1b73c4f0bda4f67dca266ce6ef42f520fbb98,0x7071f121c038a98f8a7d485648a27fcd48891ba8,0,0,call,0x,103.6430018,None
4692164,1512669770,0x677880a4d08716523bd0f2e526db8ae8d884a99ede27afead311a692e62baaa2,0xfbb1b73c4f0bda4f67dca266ce6ef42f520fbb98,0x7071f121c038a98f8a7d485648a27fcd48891ba8,0,0,call,0x,158.25904246,None
4692403,1512673357,0xdce302ddf823d44f7a464d868080aab28ca30f8d823e05f8e57d7304cf48a640,0xfbb1b73c4f0bda4f67dca266ce6ef42f520fbb98,0x7071f121c038a98f8a7d485648a27fcd48891ba8,0,0,call,0x,90.58825176,None
4692649,1512676885,0x94b1cef90642d935015d3f39a0227c72dbce2f8e7db2154f922c3650c567ce76,0xfbb1b73c4f0bda4f67dca266ce6ef42f520fbb98,0x7071f121c038a98f8a7d485648a27fcd48891ba8,0,0,call,0x,77.26449516000002,None
4692918,1512680601,0xac0b28575d0830bc11a9856296ab0d852e8f119f000e98801763f761c7c6b05e,0xfbb1b73c4f0bda4f67dca266ce6ef42f520fbb98,0x7071f121c038a98f8a7d485648a27fcd48891ba8,0,0,call,0x,175.77704207000005,None
4693168,1512684171,0x4d72153e44980c74b53d320d8af68e2d03e15edbe20dfa0b77fda14ccfe4e265,0xfbb1b73c4f0bda4f67dca266ce6ef42f520fbb98,0x7071f121c038a98f8a7d485648a27fcd48891ba8,0,0,call,0x,50.40526252,None
4693416,1512687806,0x1390ddf65b9744e5f540609ea022c7610fe0e0eb19407fc090307d6cbb489ddb,0xfbb1b73c4f0bda4f67dca266ce6ef42f520fbb98,0x7071f121c038a98f8a7d485648a27fcd48891ba8,0,0,call,0x,152.90394744,None
4693678,1512691483,0x23a220cb148b6dcb381a2722bd48e9a653b1f040c805cf68a15a13c4d001743d,0xfbb1b73c4f0bda4f67dca266ce6ef42f520fbb98,0x7071f121c038a98f8a7d485648a27fcd48891ba8,0,0,call,0x,89.90452734,None
4694131,1512698516,0x497e6b26e2220a9072141c7c1b3348d7647967b1db9aefaaf17943a67f0e1f51,0xfbb1b73c4f0bda4f67dca266ce6ef42f520fbb98,0x7071f121c038a98f8a7d485648a27fcd48891ba8,0,0,call,0x,62.83926596,None
4694617,1512705676,0x0bd95384c0b6235caa1cff8ec0f3189a4f1c34f32658c0b59a2218dfacf6510c,0xfbb1b73c4f0bda4f67dca266ce6ef42f520fbb98,0x7071f121c038a98f8a7d485648a27fcd48891ba8,0,0,call,0x,28.36535448,None
4695122,1512713038,0xfdf85900b6c9feda81f543aea7994b7831ec836d11ff274acc26bad87495f2c1,0xfbb1b73c4f0bda4f67dca266ce6ef42f520fbb98,0x7071f121c038a98f8a7d485648a27fcd48891ba8,0,0,call,0x,53.04256052,None
4695624,1512720477,0x697b1636777c297efad7b8eefd64e4434d66e1f8690236ad9c8d86a919d8fe1c,0xfbb1b73c4f0bda4f67dca266ce6ef42f520fbb98,0x7071f121c038a98f8a7d485648a27fcd48891ba8,0,0,call,0x,121.27889236,None
4696090,1512727470,0x2a417fdf43543f2c9fbb9f10bc3d284f3675a33fa2c451d80531f9252a0191c6,0xfbb1b73c4f0bda4f67dca266ce6ef42f520fbb98,0x7071f121c038a98f8a7d485648a27fcd48891ba8,0,0,call,0x,96.8303622,None
4696359,1512730998,0xd0fe0efa1680f40a18bef3a88798fee7248fd9c0ab811e7b18cb2aa13fff04e5,0xfbb1b73c4f0bda4f67dca266ce6ef42f520fbb98,0x7071f121c038a98f8a7d485648a27fcd48891ba8,0,0,call,0x,180.48168588,None
4696592,1512734567,0xd59e5f0bbfa932e0a69c4fe3261442e57f4ab31e4267d2870e64a564397030f6,0xfbb1b73c4f0bda4f67dca266ce6ef42f520fbb98,0x7071f121c038a98f8a7d485648a27fcd48891ba8,0,0,call,0x,80.39462873,None
4696829,1512738148,0xf0b3a67572a4673b8001078f5c108aab84b4818636acfdd2e4845a7d8ccdaeb7,0xfbb1b73c4f0bda4f67dca266ce6ef42f520fbb98,0x7071f121c038a98f8a7d485648a27fcd48891ba8,0,0,call,0x,67.12253885,None
4697060,1512741763,0x67422251c32582be25f46b2632980dc0809a946559aecba22bbad43534c53351,0xfbb1b73c4f0bda4f67dca266ce6ef42f520fbb98,0x7071f121c038a98f8a7d485648a27fcd48891ba8,0,0,call,0x,43.63421075,None
4697278,1512745371,0xaf94368bb8994e9a7f4c454d11147689705c74f41986cc8227c5f828d6065930,0xfbb1b73c4f0bda4f67dca266ce6ef42f520fbb98,0x7071f121c038a98f8a7d485648a27fcd48891ba8,0,0,call,0x,157.30593704,None
4697515,1512748986,0x00917eaddbb551af00eea8569d86e066a7efd9855178d371a6c82cba28865f70,0xfbb1b73c4f0bda4f67dca266ce6ef42f520fbb98,0x7071f121c038a98f8a7d485648a27fcd48891ba8,0,0,call,0x,57.80458147,None
4697780,1512752590,0x7b4efa2198cba4ef0fa6f17e194ee0fd688e22e339699f06eaa2d0d0480b410e,0xfbb1b73c4f0bda4f67dca266ce6ef42f520fbb98,0x7071f121c038a98f8a7d485648a27fcd48891ba8,0,0,call,0x,28.59163024,None
4698012,1512756168,0x8c4598bee13ae80b78cbd95d70dad963944ace88bf1aeac4f30105a6c5377aef,0xfbb1b73c4f0bda4f67dca266ce6ef42f520fbb98,0x7071f121c038a98f8a7d485648a27fcd48891ba8,0,0,call,0x,82.67838388,None
4698482,1512763391,0x478c9451e0750a6930cb8280b3435e988fe171d2726a125e0e396353eb564c12,0xfbb1b73c4f0bda4f67dca266ce6ef42f520fbb98,0x7071f121c038a98f8a7d485648a27fcd48891ba8,0,0,call,0x,40.98367573,None
4698733,1512766941,0x9951fd4ef323ef72a0ec85e9226129d8349a2bb69416f4360647cda5f2b755db,0xfbb1b73c4f0bda4f67dca266ce6ef42f520fbb98,0x7071f121c038a98f8a7d485648a27fcd48891ba8,0,0,call,0x,50.811890399999996,None
4698989,1512770506,0x4af960defe60bff5711244056bb253e475a5a2c4c53d72c5b3dc1c36c3c5075a,0xfbb1b73c4f0bda4f67dca266ce6ef42f520fbb98,0x7071f121c038a98f8a7d485648a27fcd48891ba8,0,0,call,0x,51.46009212000001,None
4699246,1512774271,0x5afc55f004f1e716bf995fabc24411b45bfe11cc7a4dc08a8a35b3738edc881d,0xfbb1b73c4f0bda4f67dca266ce6ef42f520fbb98,0x7071f121c038a98f8a7d485648a27fcd48891ba8,0,0,call,0x,40.13246904,None
4699473,1512777686,0xd3a0c6381fb8826028166f9ac3782668bc2013a387a254ddc662dc4ca54c05cf,0xfbb1b73c4f0bda4f67dca266ce6ef42f520fbb98,0x7071f121c038a98f8a7d485648a27fcd48891ba8,0,0,call,0x,26.45333373,None
4699959,1512784908,0xa8ba7d052b905757821989dcde9fc32e38fcd143006bbdb197548a71b98e7859,0xfbb1b73c4f0bda4f67dca266ce6ef42f520fbb98,0x7071f121c038a98f8a7d485648a27fcd48891ba8,0,0,call,0x,66.20230854,None
4701400,1512806502,0xde47b65db184f292b12ddd6c58b254a20040676f18fa92c51e527007927b8033,0xfbb1b73c4f0bda4f67dca266ce6ef42f520fbb98,0x7071f121c038a98f8a7d485648a27fcd48891ba8,0,0,call,0x,81.28902459999998,None
4701642,1512810204,0x4629d982cf5cccec46c55753de9319489e2c451e6b142c9cef30d8db1cf3518b,0xfbb1b73c4f0bda4f67dca266ce6ef42f520fbb98,0x7071f121c038a98f8a7d485648a27fcd48891ba8,0,0,call,0x,118.13735955,None
4702127,1512817353,0x81539bcb3519c8d28e12e0b8f452b7de62bb8a9d77bb4fd4e7d090fd9d495d14,0xfbb1b73c4f0bda4f67dca266ce6ef42f520fbb98,0x7071f121c038a98f8a7d485648a27fcd48891ba8,0,0,call,0x,57.84866741,None
4702382,1512820955,0xa90ebb640f6f82b69bd3771c04eb80adfb90009d2f3a88813167a71f0e90dba2,0xfbb1b73c4f0bda4f67dca266ce6ef42f520fbb98,0x7071f121c038a98f8a7d485648a27fcd48891ba8,0,0,call,0x,41.50453215,None
4702605,1512824507,0x438f6251e3249cc2b9e7e3436977b521834c0bd35fb889f4bddba48a3026f3fb,0xfbb1b73c4f0bda4f67dca266ce6ef42f520fbb98,0x7071f121c038a98f8a7d485648a27fcd48891ba8,0,0,call,0x,82.37611383,None
4702845,1512828189,0xb991de51c4fa268145048b49da52b080c59d7ee020af8437658c86b3d45baa01,0xfbb1b73c4f0bda4f67dca266ce6ef42f520fbb98,0x7071f121c038a98f8a7d485648a27fcd48891ba8,0,0,call,0x,44.40342276,None
4703095,1512831814,0xa7d766ecae4195d1c1c80297c1df949d1a218d772e9214bed212348998d033c5,0xfbb1b73c4f0bda4f67dca266ce6ef42f520fbb98,0x7071f121c038a98f8a7d485648a27fcd48891ba8,0,0,call,0x,65.26160186,None
4703332,1512835383,0x3d2aca51fb4f0fb3166c8c2890a87cd824c7d068ac76402f88fa4373405a0252,0xfbb1b73c4f0bda4f67dca266ce6ef42f520fbb98,0x7071f121c038a98f8a7d485648a27fcd48891ba8,0,0,call,0x,60.37739391,None
4703559,1512838899,0xe8f09d391d1b16fba72086d330cc128f043d724d02e0c761b56ee20c42d309c1,0xfbb1b73c4f0bda4f67dca266ce6ef42f520fbb98,0x7071f121c038a98f8a7d485648a27fcd48891ba8,0,0,call,0x,77.31529176000002,None
4704073,1512846283,0xc8fba8768fd5d2a62c966b98ddc3b41120a5d6ed9b8083827e12a50224543e70,0xfbb1b73c4f0bda4f67dca266ce6ef42f520fbb98,0x7071f121c038a98f8a7d485648a27fcd48891ba8,0,0,call,0x,81.95255591,None
4713694,1512990152,0xafbbfeaa5b304ba25da9314e32968643c2a8a2f28115ed0fdb7f2d44228e854c,0xfbb1b73c4f0bda4f67dca266ce6ef42f520fbb98,0x7071f121c038a98f8a7d485648a27fcd48891ba8,0,0,call,0x,61.733038930000006,None
4714686,1513004492,0x9da95643a64a970c5716678eb8ccb001ee8d85c92f8f7db22f4b65ecb0347cb2,0xfbb1b73c4f0bda4f67dca266ce6ef42f520fbb98,0x7071f121c038a98f8a7d485648a27fcd48891ba8,0,0,call,0x,74.01450412,None
4714939,1513008155,0xbd36e5be6622495a6b1b25c81869af65e56509e0429d5eb1ec8d6e06e6f68eb8,0xfbb1b73c4f0bda4f67dca266ce6ef42f520fbb98,0x7071f121c038a98f8a7d485648a27fcd48891ba8,0,0,call,0x,119.64121205,None
4715410,1513015345,0x42b045334e89808345a6cd2063e8e6c82817e4ff23ef9210ae3859be09ad5937,0xfbb1b73c4f0bda4f67dca266ce6ef42f520fbb98,0x7071f121c038a98f8a7d485648a27fcd48891ba8,0,0,call,0x,26.09986386,None
4715635,1513019006,0x4367414620146765e624859ce9675b7b305a7eea298a0890dd569e5d26bfb0a7,0xfbb1b73c4f0bda4f67dca266ce6ef42f520fbb98,0x7071f121c038a98f8a7d485648a27fcd48891ba8,0,0,call,0x,102.07133888,None
4715850,1513022647,0xad5aa47f3ee494b180c885f9765c65d6dbcfb5e7728223025c84083f15ebfe9d,0xfbb1b73c4f0bda4f67dca266ce6ef42f520fbb98,0x7071f121c038a98f8a7d485648a27fcd48891ba8,0,0,call,0x,72.24105389,None
4716086,1513026129,0xbdcb2a9f08ffb6c12cddb903ce3ba38b09325c987a7902f6b0c95c30a4049832,0xfbb1b73c4f0bda4f67dca266ce6ef42f520fbb98,0x7071f121c038a98f8a7d485648a27fcd48891ba8,0,0,call,0x,128.29948995,None
4716325,1513029720,0xc3c3e45501ea78a8adbd9f20e4fc4a489e5e458b746731d7a909caa1d31ba754,0xfbb1b73c4f0bda4f67dca266ce6ef42f520fbb98,0x7071f121c038a98f8a7d485648a27fcd48891ba8,0,0,call,0x,27.13025985,None
4716579,1513033350,0xfe50f81876b6e5eca87db7235bbef35995ac23adabed2a38abc7f82a30138983,0xfbb1b73c4f0bda4f67dca266ce6ef42f520fbb98,0x7071f121c038a98f8a7d485648a27fcd48891ba8,0,0,call,0x,29.96647164,None
4719736,1513080104,0xc0dae6a2c6a5d8b2cee0859befc219f38e9ef62a9da85f6cb03e7103ddf0c271,0xfbb1b73c4f0bda4f67dca266ce6ef42f520fbb98,0x7071f121c038a98f8a7d485648a27fcd48891ba8,0,0,call,0x,23.39773854,None
4724680,1513155746,0x8f0bf64cfda285f7f5ed4c09560e211b852e7969a9d4f71522e740529281f0d0,0xfbb1b73c4f0bda4f67dca266ce6ef42f520fbb98,0x7071f121c038a98f8a7d485648a27fcd48891ba8,0,0,call,0x,69.22152748,None
4725147,1513162876,0x14f7808b003c82705ecec7d1876215893095d13963b932637150dff38d0d2f77,0xfbb1b73c4f0bda4f67dca266ce6ef42f520fbb98,0x7071f121c038a98f8a7d485648a27fcd48891ba8,0,0,call,0x,86.81915348,None
4725408,1513166581,0x4a31546e88b0321ef3079dfd6acff29f7349f66a8a18249fb1288ce2fd670c15,0xfbb1b73c4f0bda4f67dca266ce6ef42f520fbb98,0x7071f121c038a98f8a7d485648a27fcd48891ba8,0,0,call,0x,96.82571126,None
4725671,1513170166,0x86de8c086070d9a316fdd69a36b0099b52c377b9959d0ec9318c4f4d26999465,0xfbb1b73c4f0bda4f67dca266ce6ef42f520fbb98,0x7071f121c038a98f8a7d485648a27fcd48891ba8,0,0,call,0x,165.70880458000005,None
4725884,1513173683,0x78fcbbf9e727b0911baea2600117114d65655f1808941dc742d672069eb0e645,0xfbb1b73c4f0bda4f67dca266ce6ef42f520fbb98,0x7071f121c038a98f8a7d485648a27fcd48891ba8,0,0,call,0x,133.09677145,None
4726570,1513184538,0xeb0ff647e38b211f6c67b7d1547b57240fff9bdd549b862d36f1e8512ec50b95,0xfbb1b73c4f0bda4f67dca266ce6ef42f520fbb98,0x7071f121c038a98f8a7d485648a27fcd48891ba8,0,0,call,0x,705.8390360000003,None
4726828,1513188372,0xbe5b0c8030152dfac7c903eacfa5871898d8473dd6218b668ce20dd75c940690,0xfbb1b73c4f0bda4f67dca266ce6ef42f520fbb98,0x7071f121c038a98f8a7d485648a27fcd48891ba8,0,0,call,0x,42.67187664,None
4730814,1513249312,0x8b67af183c6a40d4ee00eabf094c7e266bf89b8560045b27a33b14a7389c81b1,0xfbb1b73c4f0bda4f67dca266ce6ef42f520fbb98,0x7071f121c038a98f8a7d485648a27fcd48891ba8,0,0,call,0x,133.23433865,None
4731066,1513253014,0xb7b3e5489371f6acde90f586da7aa6295afa8415ee575c431d5ebde5bf45e56b,0xfbb1b73c4f0bda4f67dca266ce6ef42f520fbb98,0x7071f121c038a98f8a7d485648a27fcd48891ba8,0,0,call,0x,68.99555903,None
4731317,1513256650,0x942d4a5b038234d87ac8a4c19927ca70b4f52b9450ffd68db3e16c8a3a84c0db,0xfbb1b73c4f0bda4f67dca266ce6ef42f520fbb98,0x7071f121c038a98f8a7d485648a27fcd48891ba8,0,0,call,0x,32.23379265,None
4731571,1513260455,0x26a172601e4134aea542adec980aa98ea24be73eacdedd459539fc1f7f5309af,0xfbb1b73c4f0bda4f67dca266ce6ef42f520fbb98,0x7071f121c038a98f8a7d485648a27fcd48891ba8,0,0,call,0x,155.16551152000005,None
4731789,1513263769,0xfb658ed192136fe172942e96e46d879f1df86b24268b063f5942959554168167,0xfbb1b73c4f0bda4f67dca266ce6ef42f520fbb98,0x7071f121c038a98f8a7d485648a27fcd48891ba8,0,0,call,0x,91.42455428,None
4732026,1513267675,0xdafac88cc4834e9a774d5b9e2abca054bcca5decd776edaf21d6de29b097c292,0xfbb1b73c4f0bda4f67dca266ce6ef42f520fbb98,0x7071f121c038a98f8a7d485648a27fcd48891ba8,0,0,call,0x,167.27792468,None
4732254,1513271473,0x4fefe5a231ca2a2d66cf053c9ab2f85a75905ea8cb5c4cd5d934bfd43a498c21,0xfbb1b73c4f0bda4f67dca266ce6ef42f520fbb98,0x7071f121c038a98f8a7d485648a27fcd48891ba8,0,0,call,0x,161.86137392,None
4732466,1513274532,0x43219ef933a5284ac3bb9ae91fc2ab4dbd4ea932a5dc47127f542e0757c3fd21,0xfbb1b73c4f0bda4f67dca266ce6ef42f520fbb98,0x7071f121c038a98f8a7d485648a27fcd48891ba8,0,0,call,0x,156.82714696,None
4732680,1513278098,0xbba2585552cdfb6f1a6368e2afb8299ddf4a1d9c92e613c05631319f94429fd0,0xfbb1b73c4f0bda4f67dca266ce6ef42f520fbb98,0x7071f121c038a98f8a7d485648a27fcd48891ba8,0,0,call,0x,155.28782456000005,None
4732941,1513281877,0xc9cd5bbff4820be4a1f7d630aedfa51db4fde3bf8008a4a48c6b9b3c4ef22efe,0xfbb1b73c4f0bda4f67dca266ce6ef42f520fbb98,0x7071f121c038a98f8a7d485648a27fcd48891ba8,0,0,call,0x,118.82655382,None
4733172,1513285541,0xcf1b49756742055ae4d538c23796ff24b46824aabe9719ff09ec37939f562b4d,0xfbb1b73c4f0bda4f67dca266ce6ef42f520fbb98,0x7071f121c038a98f8a7d485648a27fcd48891ba8,0,0,call,0x,196.7024273,None
4733419,1513289033,0xdc907d2a073022d55a21ef380ea007e792f9a544358a23ba9279e82a4a65f43e,0xfbb1b73c4f0bda4f67dca266ce6ef42f520fbb98,0x7071f121c038a98f8a7d485648a27fcd48891ba8,0,0,call,0x,129.15169077000002,None
4733672,1513292745,0x1a945c21ad3dfeef5f71b48b4c9ac270b2ea180793d2c163e6bdfc7d6c48857b,0xfbb1b73c4f0bda4f67dca266ce6ef42f520fbb98,0x7071f121c038a98f8a7d485648a27fcd48891ba8,0,0,call,0x,87.48788028999998,None
4733894,1513296233,0x8e288f3006aa096a794086b20f1d67b6f3c2536e14098c0c0026cacc5fab8fa4,0xfbb1b73c4f0bda4f67dca266ce6ef42f520fbb98,0x7071f121c038a98f8a7d485648a27fcd48891ba8,0,0,call,0x,53.70267131,None
4734133,1513299839,0x7a36ff050fd4d6e113c1967e3f68c32c6526c2285bf4f91554078eabd062e337,0xfbb1b73c4f0bda4f67dca266ce6ef42f520fbb98,0x7071f121c038a98f8a7d485648a27fcd48891ba8,0,0,call,0x,23.89257591,None
4734600,1513306949,0x5bd63f0f0665fd96f247771f11a3ee78d4a71a15d41bb38e7b459eca8053107e,0xfbb1b73c4f0bda4f67dca266ce6ef42f520fbb98,0x7071f121c038a98f8a7d485648a27fcd48891ba8,0,0,call,0x,26.25353909,None
4734851,1513310547,0xc13112d46d90d0eadd9c64cba6c741beb8bf527748c820addffd9f3dc534df6a,0xfbb1b73c4f0bda4f67dca266ce6ef42f520fbb98,0x7071f121c038a98f8a7d485648a27fcd48891ba8,0,0,call,0x,26.16595835,None
4735330,1513317700,0x11ad2d474aa49da34720fc883d1c33ef46d14074fdf06be93a3754fb667d6876,0xfbb1b73c4f0bda4f67dca266ce6ef42f520fbb98,0x7071f121c038a98f8a7d485648a27fcd48891ba8,0,0,call,0x,33.18765543,None
4735559,1513321385,0x9bf9db47217dfedfba4f6a431a12ee43b408849b7b032c0cc632fa1d045e328b,0xfbb1b73c4f0bda4f67dca266ce6ef42f520fbb98,0x7071f121c038a98f8a7d485648a27fcd48891ba8,0,0,call,0x,49.56682646,None
4735793,1513324963,0x09b2bc08a7e69471a23018528b2d48bc17ff67c0e7ba94895536e4b169979f6b,0xfbb1b73c4f0bda4f67dca266ce6ef42f520fbb98,0x7071f121c038a98f8a7d485648a27fcd48891ba8,0,0,call,0x,37.69357055,None
4736052,1513328602,0x7aeea88947ccb3885c3bc614158f22da8c0be78ada35d6a7b2f6eacaa5251364,0xfbb1b73c4f0bda4f67dca266ce6ef42f520fbb98,0x7071f121c038a98f8a7d485648a27fcd48891ba8,0,0,call,0x,76.68304487,None
4736307,1513332162,0x2cb1230ac3661576f140044e688345d4c89aaaa5fb2d22fba957b4a358a4a0f9,0xfbb1b73c4f0bda4f67dca266ce6ef42f520fbb98,0x7071f121c038a98f8a7d485648a27fcd48891ba8,0,0,call,0x,32.49718999,None
4736545,1513335697,0x3a8feed851f832ff51fe451b7a39ff5b0975eafbf9d94f67b8f405feb361d145,0xfbb1b73c4f0bda4f67dca266ce6ef42f520fbb98,0x7071f121c038a98f8a7d485648a27fcd48891ba8,0,0,call,0x,39.01156006,None
4736785,1513339404,0x7843e8d8f9b784f0fcb9354c10ebf80b3ac4cf57da37519c300c3e5b2062fe2c,0xfbb1b73c4f0bda4f67dca266ce6ef42f520fbb98,0x7071f121c038a98f8a7d485648a27fcd48891ba8,0,0,call,0x,115.15417702,None
4737018,1513342904,0x76b1a99390398e5e5c6ae039d740539d4eb4bd4765a12ec20275e5e4869d84a1,0xfbb1b73c4f0bda4f67dca266ce6ef42f520fbb98,0x7071f121c038a98f8a7d485648a27fcd48891ba8,0,0,call,0x,121.45934776,None
4737285,1513346508,0xc972275cfd078b71cb8d2252213dc1ba3a2f92131adaf826b8877018dca293b5,0xfbb1b73c4f0bda4f67dca266ce6ef42f520fbb98,0x7071f121c038a98f8a7d485648a27fcd48891ba8,0,0,call,0x,191.62401243,None
4737528,1513350075,0xc177c1441d0e59b1e6d86848192b240059d24e818e3517894fce9d98dbef7b71,0xfbb1b73c4f0bda4f67dca266ce6ef42f520fbb98,0x7071f121c038a98f8a7d485648a27fcd48891ba8,0,0,call,0x,137.3727655,None
4737753,1513353681,0x69076b9e258d917575187b640bf069b571528f2db6ed817c34e96e8662953fb1,0xfbb1b73c4f0bda4f67dca266ce6ef42f520fbb98,0x7071f121c038a98f8a7d485648a27fcd48891ba8,0,0,call,0x,160.53322254,None
4737995,1513357326,0x8ea21ad81693cf2ba0fc7f143afa76b2beb7429543137fa63feaaebc5357cd01,0xfbb1b73c4f0bda4f67dca266ce6ef42f520fbb98,0x7071f121c038a98f8a7d485648a27fcd48891ba8,0,0,call,0x,85.67059653999998,None
4738222,1513360934,0x2c3de0fe2c1c06f6e184b8d6eac18892ab824dba445f1736ab64a7129e6906e8,0xfbb1b73c4f0bda4f67dca266ce6ef42f520fbb98,0x7071f121c038a98f8a7d485648a27fcd48891ba8,0,0,call,0x,80.87434517999998,None
4738457,1513364730,0xd218e6570e1b20a0b8c8d7f57cbe61833853a348fc7047a6fd7c655282574d0f,0xfbb1b73c4f0bda4f67dca266ce6ef42f520fbb98,0x7071f121c038a98f8a7d485648a27fcd48891ba8,0,0,call,0x,74.07088415,None
4738701,1513368151,0x9d7a772119006cce6c603e2643503f8b2d8a92412db9516c73edc4f0fc2a6e47,0xfbb1b73c4f0bda4f67dca266ce6ef42f520fbb98,0x7071f121c038a98f8a7d485648a27fcd48891ba8,0,0,call,0x,66.51094326,None
4738975,1513371850,0xa50d57e161c31108d3bb7fd3827ffc098e997f4d34a67e1abaf7d84769479e03,0xfbb1b73c4f0bda4f67dca266ce6ef42f520fbb98,0x7071f121c038a98f8a7d485648a27fcd48891ba8,0,0,call,0x,37.77707650999999,None
4739221,1513375306,0xa8adb94da7c17272f264d2bc95b49563a785ac804da7ce86f14f3984b36918e7,0xfbb1b73c4f0bda4f67dca266ce6ef42f520fbb98,0x7071f121c038a98f8a7d485648a27fcd48891ba8,0,0,call,0x,36.83067446,None
4739454,1513378916,0xe851a05bff492c848e8af619d393916831ec2b01072e38c6dc303abfd3ba0061,0xfbb1b73c4f0bda4f67dca266ce6ef42f520fbb98,0x7071f121c038a98f8a7d485648a27fcd48891ba8,0,0,call,0x,57.04321268,None
4739687,1513382529,0xb834e3d5903b8775a0f7d0fe0e0eefb20c762f3a85d56bcc95e68301cd721086,0xfbb1b73c4f0bda4f67dca266ce6ef42f520fbb98,0x7071f121c038a98f8a7d485648a27fcd48891ba8,0,0,call,0x,31.97797887,None
4740196,1513390201,0x449f206c6484f54f3fb1dc8eeb0340754ed991e6fcae8da875703a043020ebe7,0xfbb1b73c4f0bda4f67dca266ce6ef42f520fbb98,0x7071f121c038a98f8a7d485648a27fcd48891ba8,0,0,call,0x,25.56279656,None
4741794,1513414908,0x1c69f2c807fa0002a733ce0db64fc4b29da10926e78229a32328b42d1dcb77b1,0xfbb1b73c4f0bda4f67dca266ce6ef42f520fbb98,0x7071f121c038a98f8a7d485648a27fcd48891ba8,0,0,call,0x,70.69135435,None
4742060,1513418591,0xee691a3d88ae923365fa99abc115ad90d036e3733a5475336d69ae8915579a93,0xfbb1b73c4f0bda4f67dca266ce6ef42f520fbb98,0x7071f121c038a98f8a7d485648a27fcd48891ba8,0,0,call,0x,40.13917839,None
4742297,1513422153,0x8394ace78d941ce8d95d88d58f03cff948554834ca5d6dd78a1f5805e8c9bae3,0xfbb1b73c4f0bda4f67dca266ce6ef42f520fbb98,0x7071f121c038a98f8a7d485648a27fcd48891ba8,0,0,call,0x,69.92834558,None
4743024,1513432947,0x89a923e33e408269a48ac3d3f9e00fae77ae9eddc397301e97663b8fb8fbb6fb,0xfbb1b73c4f0bda4f67dca266ce6ef42f520fbb98,0x7071f121c038a98f8a7d485648a27fcd48891ba8,0,0,call,0x,219.45001068,None
4743291,1513436508,0x7b9ef52d85ffe747d3e13836ed6cf01da6fe5ac58b2d839ca10fc5be3d8a690c,0xfbb1b73c4f0bda4f67dca266ce6ef42f520fbb98,0x7071f121c038a98f8a7d485648a27fcd48891ba8,0,0,call,0x,108.58855048,None
4743540,1513440231,0x8d8de4bf743828a3a0147c80ed2b3d09082ecbe7266c4266df0d339633e97b7d,0xfbb1b73c4f0bda4f67dca266ce6ef42f520fbb98,0x7071f121c038a98f8a7d485648a27fcd48891ba8,0,0,call,0x,90.16477603,None
4743765,1513443749,0x67db43e8a0165ae9e6d450b35d830e6e02b7ba70b9a65cc8b2000f58c9a81dcc,0xfbb1b73c4f0bda4f67dca266ce6ef42f520fbb98,0x7071f121c038a98f8a7d485648a27fcd48891ba8,0,0,call,0x,65.7068022,None
4743992,1513447343,0x6a8284b7f7104f6b5284927830d99e4f37b8d62bb686149f623b5eddf8f22450,0xfbb1b73c4f0bda4f67dca266ce6ef42f520fbb98,0x7071f121c038a98f8a7d485648a27fcd48891ba8,0,0,call,0x,70.4825927,None
4744445,1513454539,0xb088766a68732a634847c03b5b9dddbfaa5eed1d1ddef70166ba58aa485f7f38,0xfbb1b73c4f0bda4f67dca266ce6ef42f520fbb98,0x7071f121c038a98f8a7d485648a27fcd48891ba8,0,0,call,0x,119.31735695,None
4744711,1513458174,0xe52fbfc9544d47174d2e606ec657b4cf39543f7f6238c0821bc1eb0280384232,0xfbb1b73c4f0bda4f67dca266ce6ef42f520fbb98,0x7071f121c038a98f8a7d485648a27fcd48891ba8,0,0,call,0x,74.30952693,None
4744967,1513461753,0x7a7c059e940817f3aac66df73cc2786259e0d6a4835ff5414f984528dd271688,0xfbb1b73c4f0bda4f67dca266ce6ef42f520fbb98,0x7071f121c038a98f8a7d485648a27fcd48891ba8,0,0,call,0x,42.890572799999994,None
4745206,1513465308,0x6fd19cab7c057f7cddd1d1cff5b10eab518fa277b2cfb4461e153265d1e31545,0xfbb1b73c4f0bda4f67dca266ce6ef42f520fbb98,0x7071f121c038a98f8a7d485648a27fcd48891ba8,0,0,call,0x,39.13529265,None
4745462,1513468932,0xfa88e1bc7ae25a5d6c50a0139afdd0bee7d5523d7535664a2c77c96ec4af539c,0xfbb1b73c4f0bda4f67dca266ce6ef42f520fbb98,0x7071f121c038a98f8a7d485648a27fcd48891ba8,0,0,call,0x,82.49688641,None
4745703,1513472553,0xff433b0fa7cb33b7530290954f3a78b6b718c5f912da03140cc1a727d2c5db20,0xfbb1b73c4f0bda4f67dca266ce6ef42f520fbb98,0x7071f121c038a98f8a7d485648a27fcd48891ba8,0,0,call,0x,137.4691675,None
4747664,1513501302,0xdcfe8c62982c9465d53fe0accb55ed8704212e404c138adbcee49fc6463a3ae1,0xfbb1b73c4f0bda4f67dca266ce6ef42f520fbb98,0x7071f121c038a98f8a7d485648a27fcd48891ba8,0,0,call,0x,67.31356594,None
4747900,1513504972,0x5c4bbec7ed4164ed01d385840a5c8ff3a73296ef615e461c84cd166c345a6c09,0xfbb1b73c4f0bda4f67dca266ce6ef42f520fbb98,0x7071f121c038a98f8a7d485648a27fcd48891ba8,0,0,call,0x,63.23781862,None
4748127,1513508491,0xa0562792f0a6277c672191642a93a7bfc3ae3e676456250b52f6e9bb579b5773,0xfbb1b73c4f0bda4f67dca266ce6ef42f520fbb98,0x7071f121c038a98f8a7d485648a27fcd48891ba8,0,0,call,0x,78.38218579000002,None
4748364,1513512210,0x83638fbd57d4d4fa8bc223bc9d54bbc8bb3f157600c516364779e4da7bd196db,0xfbb1b73c4f0bda4f67dca266ce6ef42f520fbb98,0x7071f121c038a98f8a7d485648a27fcd48891ba8,0,0,call,0x,64.51744447,None
4748603,1513515741,0x0c59c7c024cfeeebb233bb92e24afa2f6ad7954de7cac77349576b7bf8ff93e0,0xfbb1b73c4f0bda4f67dca266ce6ef42f520fbb98,0x7071f121c038a98f8a7d485648a27fcd48891ba8,0,0,call,0x,74.28256619,None
4748824,1513519388,0x88acba8006448a699eb655755836ca65bc073c22a66c73fc92fc02257a1c4826,0xfbb1b73c4f0bda4f67dca266ce6ef42f520fbb98,0x7071f121c038a98f8a7d485648a27fcd48891ba8,0,0,call,0x,69.26780152,None
4749053,1513523013,0x4d4f02492d05cec6c7db6413eeb36bc10ae1ee1c405e51ac49f8ee878a5d7a32,0xfbb1b73c4f0bda4f67dca266ce6ef42f520fbb98,0x7071f121c038a98f8a7d485648a27fcd48891ba8,0,0,call,0x,64.04792843,None
4749289,1513526518,0x815bc7b3a4ee13286cff5078014bdb3fdb42554e87b987e16414294d7ce97e05,0xfbb1b73c4f0bda4f67dca266ce6ef42f520fbb98,0x7071f121c038a98f8a7d485648a27fcd48891ba8,0,0,call,0x,105.03488949,None
4749549,1513530227,0xee30e0bcd6dfe3820f30b1db2e009a2418eb8e40fd34ba3de678c6b4e73b9c81,0xfbb1b73c4f0bda4f67dca266ce6ef42f520fbb98,0x7071f121c038a98f8a7d485648a27fcd48891ba8,0,0,call,0x,96.18741996,None
4749779,1513533670,0x3176cbfa2c0b5e441ece90039b009ba441cd0fbc939557e1065687c4258a83c5,0xfbb1b73c4f0bda4f67dca266ce6ef42f520fbb98,0x7071f121c038a98f8a7d485648a27fcd48891ba8,0,0,call,0x,93.56374861,None
4750036,1513537425,0xc60e894b9a5a3d79f95bee99a618a208bdc1c4188460d4654812384acee50995,0xfbb1b73c4f0bda4f67dca266ce6ef42f520fbb98,0x7071f121c038a98f8a7d485648a27fcd48891ba8,0,0,call,0x,74.76345598,None
4750252,1513540930,0x4c409ab8a584eb5251463ffa6245faadf1ac4cb51289b44d135a7acb11144d41,0xfbb1b73c4f0bda4f67dca266ce6ef42f520fbb98,0x7071f121c038a98f8a7d485648a27fcd48891ba8,0,0,call,0x,77.29647637000002,None
4750498,1513544569,0x045c035411e0a87fe1ec91858c9ed650df3b1f76ddad84b4affdde8233cbbadb,0xfbb1b73c4f0bda4f67dca266ce6ef42f520fbb98,0x7071f121c038a98f8a7d485648a27fcd48891ba8,0,0,call,0x,44.04761173,None
4750731,1513548170,0x540771e53e0319d8d8755acb389ce08040167e7d290b061a6d413e0adc3b9530,0xfbb1b73c4f0bda4f67dca266ce6ef42f520fbb98,0x7071f121c038a98f8a7d485648a27fcd48891ba8,0,0,call,0x,63.65088921,None
4750985,1513551689,0xc5945981472642c2f571bbee8bce3dea84f91787fbaa30d06f510e1edf9d4bf3,0xfbb1b73c4f0bda4f67dca266ce6ef42f520fbb98,0x7071f121c038a98f8a7d485648a27fcd48891ba8,0,0,call,0x,40.28899011,None
4751515,1513558963,0xea55a7cf56ef8c2aee4f005299d7304fd35c5e8c7ca49dce1c48ce31b5eaf7ad,0xfbb1b73c4f0bda4f67dca266ce6ef42f520fbb98,0x7071f121c038a98f8a7d485648a27fcd48891ba8,0,0,call,0x,32.094049219999995,None
4753252,1513584118,0xff29d6895c120ac58c5179b4f179ec99e1c3053d56af886b55632f2a1414c702,0xfbb1b73c4f0bda4f67dca266ce6ef42f520fbb98,0x7071f121c038a98f8a7d485648a27fcd48891ba8,0,0,call,0x,45.61357889,None
4753491,1513587779,0x392063b8357d3f7769f1d70a84aaa017942fbcb959d64ad2c40e4822420ec8f8,0xfbb1b73c4f0bda4f67dca266ce6ef42f520fbb98,0x7071f121c038a98f8a7d485648a27fcd48891ba8,0,0,call,0x,63.36588709,None
4753748,1513591357,0xac50aae50a3c2836b8e2a60015a3974badd6051f938036e6394d8ff272548cb4,0xfbb1b73c4f0bda4f67dca266ce6ef42f520fbb98,0x7071f121c038a98f8a7d485648a27fcd48891ba8,0,0,call,0x,91.32925628,None
4754005,1513594959,0x77b16ab8dd0f9dc0ca7623f2e81b7512624fddd8853e38d3dfbf02d31be2f0ad,0xfbb1b73c4f0bda4f67dca266ce6ef42f520fbb98,0x7071f121c038a98f8a7d485648a27fcd48891ba8,0,0,call,0x,71.65112257999998,None
4754249,1513598565,0xe4ac8c202ad2e0f74c461808ecfe95811fe5961a279dc083ababe00495d21903,0xfbb1b73c4f0bda4f67dca266ce6ef42f520fbb98,0x7071f121c038a98f8a7d485648a27fcd48891ba8,0,0,call,0x,167.76197875,None
4754499,1513602205,0xbdb370bb2b40996af1a650daaf49842d9e5533591bf73c083080ade412c1d958,0xfbb1b73c4f0bda4f67dca266ce6ef42f520fbb98,0x7071f121c038a98f8a7d485648a27fcd48891ba8,0,0,call,0x,74.52789778,None
4754735,1513605891,0xf03dc87763a50106200e49f7310200badf28a9cb5ed98dc5513fa086917a7bdc,0xfbb1b73c4f0bda4f67dca266ce6ef42f520fbb98,0x7071f121c038a98f8a7d485648a27fcd48891ba8,0,0,call,0x,101.5791835,None
4754949,1513609394,0xedb790049bdf349c4116f511c76965b2c4b4d1539d38b8de4066b1e9fe97ebdb,0xfbb1b73c4f0bda4f67dca266ce6ef42f520fbb98,0x7071f121c038a98f8a7d485648a27fcd48891ba8,0,0,call,0x,85.06828381,None
4755196,1513612986,0xf1a7c023b4bb5ad16351b8ea220823b34700412d5fbbe18cf254071f77116b4e,0xfbb1b73c4f0bda4f67dca266ce6ef42f520fbb98,0x7071f121c038a98f8a7d485648a27fcd48891ba8,0,0,call,0x,105.78559603,None
4755408,1513616545,0x0e5c1305fad741514e6560c23e3418c22f0e9b094d06c71fa0b88378d27b7a7a,0xfbb1b73c4f0bda4f67dca266ce6ef42f520fbb98,0x7071f121c038a98f8a7d485648a27fcd48891ba8,0,0,call,0x,133.1070405,None
4755635,1513620149,0xd037fbe3de5007b2841840ce8703bd6802a95b894966d1bdf7ba8fc08a607023,0xfbb1b73c4f0bda4f67dca266ce6ef42f520fbb98,0x7071f121c038a98f8a7d485648a27fcd48891ba8,0,0,call,0x,91.84894444,None
4755869,1513623782,0x92128fbd12065cd80cd552ba48eed18a40ab8b7f75b0cc9b88841b3cf947b6a2,0xfbb1b73c4f0bda4f67dca266ce6ef42f520fbb98,0x7071f121c038a98f8a7d485648a27fcd48891ba8,0,0,call,0x,99.06015367,None
4756118,1513627328,0x5d41d68051e9b4e4cdda1765f4ac9ba176f67ae7eeae8fa545e24d2100dbc7e9,0xfbb1b73c4f0bda4f67dca266ce6ef42f520fbb98,0x7071f121c038a98f8a7d485648a27fcd48891ba8,0,0,call,0x,204.43175659,None
4756356,1513630943,0x7eeae4b43d61c64ae8cc3722ab1bc7856b2a3fcaa7950b533a3cdccc4cf866f0,0xfbb1b73c4f0bda4f67dca266ce6ef42f520fbb98,0x7071f121c038a98f8a7d485648a27fcd48891ba8,0,0,call,0x,134.65436904,None
4756584,1513634639,0x9faf5c2bcfd88b91e78c7eb7597688f33a72fb894cdd788af65d4d2771be625b,0xfbb1b73c4f0bda4f67dca266ce6ef42f520fbb98,0x7071f121c038a98f8a7d485648a27fcd48891ba8,0,0,call,0x,127.83646497,None
4758651,1513666984,0x9057b1c05e2c6c4ebbb1fd925e630dd6b2df43b21441e57f52f0855406f49c24,0xfbb1b73c4f0bda4f67dca266ce6ef42f520fbb98,0x7071f121c038a98f8a7d485648a27fcd48891ba8,0,0,call,0x,57.39041868,None
4758892,1513670619,0x0974430cb4dfde8bf146ad2df71db5b363d9ea191971a206e4c762ada9682107,0xfbb1b73c4f0bda4f67dca266ce6ef42f520fbb98,0x7071f121c038a98f8a7d485648a27fcd48891ba8,0,0,call,0x,169.54376522,None
4761009,1513702928,0xe91d4c5e104fad18dc553a966c5f6c5af849d925cb8a954e1bcaa105fcb49bc7,0xfbb1b73c4f0bda4f67dca266ce6ef42f520fbb98,0x7071f121c038a98f8a7d485648a27fcd48891ba8,0,0,call,0x,137.19532883,None
4761241,1513706782,0x8ea7eff88245cd4419c5519058f92969f9031bb7a054ccd30626012ac932eaf6,0xfbb1b73c4f0bda4f67dca266ce6ef42f520fbb98,0x7071f121c038a98f8a7d485648a27fcd48891ba8,0,0,call,0x,264.78470865,None
4761471,1513710204,0x8c8b16f05b72444f9b816b3593e5f3af448e697f80ab22ea23f8c69eac873be8,0xfbb1b73c4f0bda4f67dca266ce6ef42f520fbb98,0x7071f121c038a98f8a7d485648a27fcd48891ba8,0,0,call,0x,129.12327646,None
4762389,1513724617,0x93bb24ec6b1eb0d10f5fc37648c4f7cf6040ff24b0b542cc91ae7842297863bc,0xfbb1b73c4f0bda4f67dca266ce6ef42f520fbb98,0x7071f121c038a98f8a7d485648a27fcd48891ba8,0,0,call,0x,407.37329373,None
4762630,1513728188,0xab3a67e0fb598f3ce7c02e15cb46c9c176dcead28769156f0fa7453750f18280,0xfbb1b73c4f0bda4f67dca266ce6ef42f520fbb98,0x7071f121c038a98f8a7d485648a27fcd48891ba8,0,0,call,0x,53.32613271,None
4763063,1513735331,0x81297157bec592d86e7fdc3880ebd1e8e67d10a30ce90b3a9884b1d4a72a9335,0xfbb1b73c4f0bda4f67dca266ce6ef42f520fbb98,0x7071f121c038a98f8a7d485648a27fcd48891ba8,0,0,call,0x,37.08494269000001,None
4764468,1513756946,0x054d55e61d18df5e28cf6efd0c2a6a0c2901bccad7afc06f6c4425ffd003da91,0xfbb1b73c4f0bda4f67dca266ce6ef42f520fbb98,0x7071f121c038a98f8a7d485648a27fcd48891ba8,0,0,call,0x,76.81742142,None
4764699,1513760597,0xd57e8899a134856411d7897b826e3ba5b538bd1a09c50b3d88d607b5c22e1d22,0xfbb1b73c4f0bda4f67dca266ce6ef42f520fbb98,0x7071f121c038a98f8a7d485648a27fcd48891ba8,0,0,call,0x,128.24441839,None
4764945,1513764243,0xa0963fb28d67d4d1acf0d3bd6327214c56e361fac3e82acb8bce10e4b6f6e305,0xfbb1b73c4f0bda4f67dca266ce6ef42f520fbb98,0x7071f121c038a98f8a7d485648a27fcd48891ba8,0,0,call,0x,103.10179551,None
4765178,1513767721,0x202a0c6a9dfc6ab6dc6115e50ce6d604eaafac4bd3d62fee01b55943aeabdd5b,0xfbb1b73c4f0bda4f67dca266ce6ef42f520fbb98,0x7071f121c038a98f8a7d485648a27fcd48891ba8,0,0,call,0x,158.80229292,None
4765434,1513771351,0xeef7bdf95f902932b896087e63e4d43d140258e85905ea15d66eae34d534629e,0xfbb1b73c4f0bda4f67dca266ce6ef42f520fbb98,0x7071f121c038a98f8a7d485648a27fcd48891ba8,0,0,call,0x,93.07991397,None
4765656,1513775028,0x2b136599610ede6c5e1431c6a099f5fb6361dfa4c6b4c53e89463ac9d33da78f,0xfbb1b73c4f0bda4f67dca266ce6ef42f520fbb98,0x7071f121c038a98f8a7d485648a27fcd48891ba8,0,0,call,0x,28.531838699999998,None
4766106,1513782144,0x628aae85edeb04ece8ef0ec74dafba1f07aa92e894dac20e0bf30b2cb2cb1ca1,0xfbb1b73c4f0bda4f67dca266ce6ef42f520fbb98,0x7071f121c038a98f8a7d485648a27fcd48891ba8,0,0,call,0x,177.99584874,None
4766344,1513785997,0x2f5df6c1ae19a595010ee1ec83c67f33b9031506721e6992a486d63c3f77745e,0xfbb1b73c4f0bda4f67dca266ce6ef42f520fbb98,0x7071f121c038a98f8a7d485648a27fcd48891ba8,0,0,call,0x,80.19117390999997,None
4766561,1513789414,0x5e3aa5934887379c3d16b4818c696fd988cd1c23d5c7ad9208a3c1f58b886a34,0xfbb1b73c4f0bda4f67dca266ce6ef42f520fbb98,0x7071f121c038a98f8a7d485648a27fcd48891ba8,0,0,call,0x,67.85062304,None
4766774,1513792988,0x17a00a5026c7b097a09cda8cfd3297f25c63d9edaa60d4d7e20c68dbf68d26c4,0xfbb1b73c4f0bda4f67dca266ce6ef42f520fbb98,0x7071f121c038a98f8a7d485648a27fcd48891ba8,0,0,call,0x,130.37659685,None
4767018,1513796607,0xbf224c61eb7a1ea3297190a4e3fea204fe7c215912105f5db455e1e423affd6d,0xfbb1b73c4f0bda4f67dca266ce6ef42f520fbb98,0x7071f121c038a98f8a7d485648a27fcd48891ba8,0,0,call,0x,99.43333904,None
4767486,1513803900,0x0e5d0e2202c897d9f84aeffcb5a2bcea899959c5d54c4ceb51770041e5c44d8a,0xfbb1b73c4f0bda4f67dca266ce6ef42f520fbb98,0x7071f121c038a98f8a7d485648a27fcd48891ba8,0,0,call,0x,71.99461068000002,None
4767783,1513808310,0x5a56dfde5c3b3176ac44f17bba25700448faf9f94ebaadc6b7ccd8907382e889,0xfbb1b73c4f0bda4f67dca266ce6ef42f520fbb98,0x7071f121c038a98f8a7d485648a27fcd48891ba8,0,0,call,0x,88.3161132,None
4767966,1513810918,0x11602d0e65f19dac97550c322c8b505a98d82b84b6a96a3e41205ae5b3031b10,0xfbb1b73c4f0bda4f67dca266ce6ef42f520fbb98,0x7071f121c038a98f8a7d485648a27fcd48891ba8,0,0,call,0x,61.95234278,None
4768206,1513814693,0x857e6b854a6dd59e9258c25a94c8499fcfbd2f9086bc235a0e7758de101c00de,0xfbb1b73c4f0bda4f67dca266ce6ef42f520fbb98,0x7071f121c038a98f8a7d485648a27fcd48891ba8,0,0,call,0x,103.37975563,None
4768425,1513818202,0xaba61649ececc937dc2b1b6858f31d46265f85d9dd82eaa72d39ddd7f1684813,0xfbb1b73c4f0bda4f67dca266ce6ef42f520fbb98,0x7071f121c038a98f8a7d485648a27fcd48891ba8,0,0,call,0x,36.95749146,None
4769855,1513839817,0xf18f95655dbab3ca5ac0930bf16a16d064b1d4717cf11f9322ffe1ae0e73b1e2,0xfbb1b73c4f0bda4f67dca266ce6ef42f520fbb98,0x7071f121c038a98f8a7d485648a27fcd48891ba8,0,0,call,0x,34.68348243,None
4770127,1513843983,0x7b72312842db72cabd123c730c99afd762c0712e6760968b3055460e86ed8f3a,0xfbb1b73c4f0bda4f67dca266ce6ef42f520fbb98,0x7071f121c038a98f8a7d485648a27fcd48891ba8,0,0,call,0x,61.57975188,None
4770331,1513847364,0x57af0a7692e2502e64dfdb13fb50e386c7c574d2caa74c32ada5788e24498cc1,0xfbb1b73c4f0bda4f67dca266ce6ef42f520fbb98,0x7071f121c038a98f8a7d485648a27fcd48891ba8,0,0,call,0x,70.44283408,None
4770526,1513850525,0x7f08067813cf612e411e7f5876ce2e37efc7c980c4d992ecc71a1bbed5e403e8,0xfbb1b73c4f0bda4f67dca266ce6ef42f520fbb98,0x7071f121c038a98f8a7d485648a27fcd48891ba8,0,0,call,0x,65.91633261,None
4770767,1513854271,0x86f60a8ec23bfc83fc040a063596745f87e83f74b9bd813fd08ee0c64bc12afc,0xfbb1b73c4f0bda4f67dca266ce6ef42f520fbb98,0x7071f121c038a98f8a7d485648a27fcd48891ba8,0,0,call,0x,71.3419311,None
4771020,1513857925,0xfc58928c22410319f21c15f3dda461b54a70db3ad712ca6ce3d147d3b5aaa2ab,0xfbb1b73c4f0bda4f67dca266ce6ef42f520fbb98,0x7071f121c038a98f8a7d485648a27fcd48891ba8,0,0,call,0x,61.73533383,None
4772451,1513880179,0x6ab95f3466669b08cb69dd16bb96c18a1ddebdaf080a600414aa77a58d8c323c,0xfbb1b73c4f0bda4f67dca266ce6ef42f520fbb98,0x7071f121c038a98f8a7d485648a27fcd48891ba8,0,0,call,0x,60.02878228,None
4773311,1513893841,0xda7392603503de7e6f5291f2d3c3f60e8f0b5029e4048e532701e5997fb22254,0xfbb1b73c4f0bda4f67dca266ce6ef42f520fbb98,0x7071f121c038a98f8a7d485648a27fcd48891ba8,0,0,call,0x,47.07319102,None
4776409,1513940509,0x10c9b12fbca0479a0005da5325d90eacc468c771e4b5fd846f3df6c8f4e6293d,0xfbb1b73c4f0bda4f67dca266ce6ef42f520fbb98,0x7071f121c038a98f8a7d485648a27fcd48891ba8,0,0,call,0x,351.54729882,None
4776648,1513944319,0xcf04cb2b97cdf83dc29c8483b13cc6bf15ddf024542c41f170b51f9afe2366c4,0xfbb1b73c4f0bda4f67dca266ce6ef42f520fbb98,0x7071f121c038a98f8a7d485648a27fcd48891ba8,0,0,call,0x,182.22562543,None
4776906,1513948144,0xfb2249945374169772fd8a2468541c5461cdfd906d75877a50f7bcd8f9263502,0xfbb1b73c4f0bda4f67dca266ce6ef42f520fbb98,0x7071f121c038a98f8a7d485648a27fcd48891ba8,0,0,call,0x,212.90616314,None
4777108,1513951553,0x3a8b40a1825728fcd895895fdc63b427147666db659c52628471db4a473c762d,0xfbb1b73c4f0bda4f67dca266ce6ef42f520fbb98,0x7071f121c038a98f8a7d485648a27fcd48891ba8,0,0,call,0x,204.77775328,None
4777772,1513962125,0x72ee58f78b7a3c1f3ea469d82e12b48b6869f5b4d68aeab7af649093ad8d1521,0xfbb1b73c4f0bda4f67dca266ce6ef42f520fbb98,0x7071f121c038a98f8a7d485648a27fcd48891ba8,0,0,call,0x,763.86718221,None
4778977,1513980199,0x5c9caf485ad42d6dfb0154d864a5e20ec997969235da81c641a19ac5a32853ec,0xfbb1b73c4f0bda4f67dca266ce6ef42f520fbb98,0x7071f121c038a98f8a7d485648a27fcd48891ba8,0,0,call,0x,90.83917803,None
4779216,1513983773,0xdee6ef161796df0765f1c0dffae5f5c2407e7212c8f9beb281a22a859c7dbb09,0xfbb1b73c4f0bda4f67dca266ce6ef42f520fbb98,0x7071f121c038a98f8a7d485648a27fcd48891ba8,0,0,call,0x,201.98071685,None
4779424,1513987386,0xc1abb681aec721b1d910f9d9022164547dd1e29d29f77a1ecd118647d3d059fe,0xfbb1b73c4f0bda4f67dca266ce6ef42f520fbb98,0x7071f121c038a98f8a7d485648a27fcd48891ba8,0,0,call,0x,251.31323583,None
4781407,1514016189,0xfcd6ade4919926281b8d5233bc7d9d7724e24fa72d4324bd651ebf9391896e2b,0xfbb1b73c4f0bda4f67dca266ce6ef42f520fbb98,0x7071f121c038a98f8a7d485648a27fcd48891ba8,0,0,call,0x,56.37814113,None
4781655,1514019707,0xf7758238dcd78bca2c1ae1d177235ed47b3295dc7ad0ae4abe7db936c283caf5,0xfbb1b73c4f0bda4f67dca266ce6ef42f520fbb98,0x7071f121c038a98f8a7d485648a27fcd48891ba8,0,0,call,0x,44.37957209,None
4781925,1514023305,0xcc4c74dee8d07df4d3eb568111ba15897304ec9f0c136c24c6fe1e9f6aa3bd06,0xfbb1b73c4f0bda4f67dca266ce6ef42f520fbb98,0x7071f121c038a98f8a7d485648a27fcd48891ba8,0,0,call,0x,80.72802467000002,None
4782187,1514026937,0x07c3a6dcf13e866cb3adfb5aa1994cbc2f139672402520b7b5554dbc51717ce8,0xfbb1b73c4f0bda4f67dca266ce6ef42f520fbb98,0x7071f121c038a98f8a7d485648a27fcd48891ba8,0,0,call,0x,163.05383499,None
4782418,1514030623,0xf55efa5161601914ddfa2ace5594199f0aabbfdb9bb48be4cfbac6b4f1330de2,0xfbb1b73c4f0bda4f67dca266ce6ef42f520fbb98,0x7071f121c038a98f8a7d485648a27fcd48891ba8,0,0,call,0x,160.10886240000005,None
4782683,1514034188,0x0b156636999111e244a696509c5275fd8c6ddaf385d72a1630172da9ef1bf009,0xfbb1b73c4f0bda4f67dca266ce6ef42f520fbb98,0x7071f121c038a98f8a7d485648a27fcd48891ba8,0,0,call,0x,166.17716069,None
4782918,1514037775,0x8b7a1086bccb1e150c746963163861996a6ede40a960b66b35080e3aac0dfba0,0xfbb1b73c4f0bda4f67dca266ce6ef42f520fbb98,0x7071f121c038a98f8a7d485648a27fcd48891ba8,0,0,call,0x,61.03417878000001,None
4783174,1514041426,0xdc62f0f16397e8f17798820bec9556e37116542e83f723736aeccf8b7e36b106,0xfbb1b73c4f0bda4f67dca266ce6ef42f520fbb98,0x7071f121c038a98f8a7d485648a27fcd48891ba8,0,0,call,0x,97.71625395,None
4783393,1514044976,0xaaab71d2baf85dedd65ba999d11b95dc638ce48d7c3974a558bd6b2d11d0c5dd,0xfbb1b73c4f0bda4f67dca266ce6ef42f520fbb98,0x7071f121c038a98f8a7d485648a27fcd48891ba8,0,0,call,0x,89.43729635999998,None
4783637,1514048642,0x0dcfc948e9abcaacb089ae56a3a931f52f73c97fdceff1199df3748b5d18deaf,0xfbb1b73c4f0bda4f67dca266ce6ef42f520fbb98,0x7071f121c038a98f8a7d485648a27fcd48891ba8,0,0,call,0x,51.2240548,None
4783877,1514052142,0x9613cc0728d6df14af16f0577a2ed9b2c730933c1987cfc1455d7ca7c57b3d71,0xfbb1b73c4f0bda4f67dca266ce6ef42f520fbb98,0x7071f121c038a98f8a7d485648a27fcd48891ba8,0,0,call,0x,73.98995221999998,None
4784121,1514055702,0x69181d5e1a1de87833804149d329a0069717a0daeb7c2fbdc16275888fc06092,0xfbb1b73c4f0bda4f67dca266ce6ef42f520fbb98,0x7071f121c038a98f8a7d485648a27fcd48891ba8,0,0,call,0x,88.69710168,None
4784376,1514059364,0xb08337966167a7876c6cafa1602057e4192a2fca7255072b71ae186dcd881cb8,0xfbb1b73c4f0bda4f67dca266ce6ef42f520fbb98,0x7071f121c038a98f8a7d485648a27fcd48891ba8,0,0,call,0x,53.002703970000006,None
4784643,1514062922,0xaec0c073a1fc8ba7893241a19892246739a3e52d3b92af251972c82bbaac2423,0xfbb1b73c4f0bda4f67dca266ce6ef42f520fbb98,0x7071f121c038a98f8a7d485648a27fcd48891ba8,0,0,call,0x,101.5534626,None
4785865,1514080998,0x1ffe6eca4fe5fa5109142b6966b07ac3d897fe1bf9e55b170f58380e8f338c34,0xfbb1b73c4f0bda4f67dca266ce6ef42f520fbb98,0x7071f121c038a98f8a7d485648a27fcd48891ba8,0,0,call,0x,52.29642569,None
4786570,1514091718,0xf1cc84b72f58bedee45ec6c403f99e9e591374b165f29dc2293b991a697497da,0xfbb1b73c4f0bda4f67dca266ce6ef42f520fbb98,0x7071f121c038a98f8a7d485648a27fcd48891ba8,0,0,call,0x,27.054811980000004,None
4787073,1514098998,0x9384615268b4cb04405e5526bf1b0df87d270e563575858020e3d2d20e321959,0xfbb1b73c4f0bda4f67dca266ce6ef42f520fbb98,0x7071f121c038a98f8a7d485648a27fcd48891ba8,0,0,call,0x,62.87948831,None
4787310,1514102521,0x89a2ddbd8c9aa983e81deb7557367f9b731866629067e9a77f7331d3ddb7acc0,0xfbb1b73c4f0bda4f67dca266ce6ef42f520fbb98,0x7071f121c038a98f8a7d485648a27fcd48891ba8,0,0,call,0x,26.736916100000002,None
4787568,1514106193,0x38a1b7be693ee208fb6ab94467982485a46040a5ee9ddcf61a843c55ac9aa58d,0xfbb1b73c4f0bda4f67dca266ce6ef42f520fbb98,0x7071f121c038a98f8a7d485648a27fcd48891ba8,0,0,call,0x,26.96227005,None
4787816,1514109736,0x3f1ffb4bc07a09ed7026866fa4a27a2396cf128425a1623d144a99a4d93ce9d1,0xfbb1b73c4f0bda4f67dca266ce6ef42f520fbb98,0x7071f121c038a98f8a7d485648a27fcd48891ba8,0,0,call,0x,49.43639320000001,None
4788793,1514124210,0xa5740665a7d48113d3ea3ca0c5af0b18ad65bc56e0c43f85f4dfc930fe40f63f,0xfbb1b73c4f0bda4f67dca266ce6ef42f520fbb98,0x7071f121c038a98f8a7d485648a27fcd48891ba8,0,0,call,0x,166.22248787,None
4789033,1514127698,0x66c52baedb87b23e403723591aa5041845aecc512d62df8c05ffd4b7b2ffb93b,0xfbb1b73c4f0bda4f67dca266ce6ef42f520fbb98,0x7071f121c038a98f8a7d485648a27fcd48891ba8,0,0,call,0x,116.33421857,None
4789296,1514131311,0x64fa3a9bd61075528811506a415fe84a249874a60a039bc29950d180b3dad546,0xfbb1b73c4f0bda4f67dca266ce6ef42f520fbb98,0x7071f121c038a98f8a7d485648a27fcd48891ba8,0,0,call,0x,73.82098112,None
4789522,1514134932,0x3da5cd6213b1abb76c5c988623b6782842cfe53e1af0d1a093b7bae518e72b40,0xfbb1b73c4f0bda4f67dca266ce6ef42f520fbb98,0x7071f121c038a98f8a7d485648a27fcd48891ba8,0,0,call,0x,45.01706095,None
4789781,1514138474,0x65a71a8dc656ee2fd1fc48413e855e17daff3538502b3bbe643e32bd0066985e,0xfbb1b73c4f0bda4f67dca266ce6ef42f520fbb98,0x7071f121c038a98f8a7d485648a27fcd48891ba8,0,0,call,0x,37.42874619,None
4790050,1514142134,0xd2b5abf8e378da3533077e7a98552b0c8b7458f72158499720859d4f1f14c804,0xfbb1b73c4f0bda4f67dca266ce6ef42f520fbb98,0x7071f121c038a98f8a7d485648a27fcd48891ba8,0,0,call,0x,25.20170593,None
4790580,1514149317,0x694a1058ce8e262554916d84df08e1aa1b0a2f855f44b2fb2434603d266ae7db,0xfbb1b73c4f0bda4f67dca266ce6ef42f520fbb98,0x7071f121c038a98f8a7d485648a27fcd48891ba8,0,0,call,0x,85.42736934,None
4790837,1514152931,0xe5f78fffd7753d6ab26f455fd9f8923c8459da06bad2b0f4d88d5049551bfc33,0xfbb1b73c4f0bda4f67dca266ce6ef42f520fbb98,0x7071f121c038a98f8a7d485648a27fcd48891ba8,0,0,call,0x,28.93339888,None
4791351,1514160181,0x5d60dbd13ae721bf71068357fbd18def630978a7ffc756d80d767bf0c6897670,0xfbb1b73c4f0bda4f67dca266ce6ef42f520fbb98,0x7071f121c038a98f8a7d485648a27fcd48891ba8,0,0,call,0x,127.63716041,None
4794122,1514199898,0xde333136b9c3e0be17cf12110c7b7e25c05828afc5e590ed065f0665ac5318dc,0xfbb1b73c4f0bda4f67dca266ce6ef42f520fbb98,0x7071f121c038a98f8a7d485648a27fcd48891ba8,0,0,call,0x,87.41298979999998,None
4794370,1514203338,0xe1d6f3f2d68013349a66db168516a9ad3007a0d9964e9d630d9a42981f68431c,0xfbb1b73c4f0bda4f67dca266ce6ef42f520fbb98,0x7071f121c038a98f8a7d485648a27fcd48891ba8,0,0,call,0x,74.59865946000002,None
4794879,1514210585,0xa7b80dc84ad52c402bf117b01fdb9435312eb5fc44a94f108aeee9da30f78587,0xfbb1b73c4f0bda4f67dca266ce6ef42f520fbb98,0x7071f121c038a98f8a7d485648a27fcd48891ba8,0,0,call,0x,49.70476813000001,None
4795115,1514214091,0x498c534c2d5312e034ca871fe523dbc6fce1452029ba8e8c6ed4ca7e5b641e74,0xfbb1b73c4f0bda4f67dca266ce6ef42f520fbb98,0x7071f121c038a98f8a7d485648a27fcd48891ba8,0,0,call,0x,32.15310629,None
4795865,1514224934,0x6920291ea42899e06b916d6fb179a5e442285629614b2cfa492581c0d6d23166,0xfbb1b73c4f0bda4f67dca266ce6ef42f520fbb98,0x7071f121c038a98f8a7d485648a27fcd48891ba8,0,0,call,0x,30.57190669,None
4796122,1514228493,0xcd9fbb62735e6e9bf696fe866688a57d200aeea7ff97f37c1e39826fa9fe5c0d,0xfbb1b73c4f0bda4f67dca266ce6ef42f520fbb98,0x7071f121c038a98f8a7d485648a27fcd48891ba8,0,0,call,0x,55.33015202,None
4796359,1514232134,0x459e3226b46ff7b4527baac16fb5b68ffdd8ba9fc92a9a3ac02ce033ba5769e2,0xfbb1b73c4f0bda4f67dca266ce6ef42f520fbb98,0x7071f121c038a98f8a7d485648a27fcd48891ba8,0,0,call,0x,32.939416030000004,None
4796886,1514239425,0x09a6879008ba6782794702805dc051a663cc8b1695b940eac5bd8ae916d76834,0xfbb1b73c4f0bda4f67dca266ce6ef42f520fbb98,0x7071f121c038a98f8a7d485648a27fcd48891ba8,0,0,call,0x,24.13673269,None
4797378,1514246535,0x084b50e0da560b42bba52451f57825d9b5cc06a249e55422a467a6764e8c1b40,0xfbb1b73c4f0bda4f67dca266ce6ef42f520fbb98,0x7071f121c038a98f8a7d485648a27fcd48891ba8,0,0,call,0x,23.70792949,None
4797863,1514253667,0x326ef19d216f6208a3a9d8278eb6494f1c90d49c416a6d95c26a524aecb6493a,0xfbb1b73c4f0bda4f67dca266ce6ef42f520fbb98,0x7071f121c038a98f8a7d485648a27fcd48891ba8,0,0,call,0x,68.98164402,None
4799138,1514271806,0x74a567d1af310ed2e38567b98f85eefa077ceb26b0525ace7699b9a016e7534c,0xfbb1b73c4f0bda4f67dca266ce6ef42f520fbb98,0x7071f121c038a98f8a7d485648a27fcd48891ba8,0,0,call,0x,36.3599314,None
4799353,1514275288,0xba51881530ae64e1cf3e8cd29fcfe6323edd3a11f297ed5d1f96726eba9b41b7,0xfbb1b73c4f0bda4f67dca266ce6ef42f520fbb98,0x7071f121c038a98f8a7d485648a27fcd48891ba8,0,0,call,0x,406.67534623,None
4799885,1514282559,0xcd7324541193abe2b9fcb8b3304ec9b88a61dd0a3ff922663d0ac0e25fe60186,0xfbb1b73c4f0bda4f67dca266ce6ef42f520fbb98,0x7071f121c038a98f8a7d485648a27fcd48891ba8,0,0,call,0x,69.92747095,None
4800936,1514296949,0x275efc7bf8b3bab1693c0fb2c8eea56898735aaf8fec1dced9264889165a06da,0xfbb1b73c4f0bda4f67dca266ce6ef42f520fbb98,0x7071f121c038a98f8a7d485648a27fcd48891ba8,0,0,call,0x,39.91898513,None
4801182,1514300609,0x87360006d6034803e622ed0635735e91ea19f84def349546d175c5a4019285bf,0xfbb1b73c4f0bda4f67dca266ce6ef42f520fbb98,0x7071f121c038a98f8a7d485648a27fcd48891ba8,0,0,call,0x,72.36257260000002,None
4801406,1514304215,0x1d167c857125e642b19dbf1da050658f603ef811e297285db2d4a571e762b14e,0xfbb1b73c4f0bda4f67dca266ce6ef42f520fbb98,0x7071f121c038a98f8a7d485648a27fcd48891ba8,0,0,call,0x,64.8685419,None
4801656,1514307767,0x33ec331130e55a70fc96c704792b64c19c23826e1ef7e3f15e8d2278166288b5,0xfbb1b73c4f0bda4f67dca266ce6ef42f520fbb98,0x7071f121c038a98f8a7d485648a27fcd48891ba8,0,0,call,0x,53.64645309,None
4801904,1514311318,0x542f3a75f8ff8c4ed589570a189958700108c97fa6b89fb92d67ad548102c351,0xfbb1b73c4f0bda4f67dca266ce6ef42f520fbb98,0x7071f121c038a98f8a7d485648a27fcd48891ba8,0,0,call,0x,43.54885629,None
4802162,1514314969,0xda7e9d2fcac6871243a66c3b10c561bc5f977735f6f56d32e5400b749f89bea1,0xfbb1b73c4f0bda4f67dca266ce6ef42f520fbb98,0x7071f121c038a98f8a7d485648a27fcd48891ba8,0,0,call,0x,42.73078693,None
4802400,1514318497,0x9554c2282ae842522de45ae5697806b1dcbdcd358e9319640bb344d64bb92783,0xfbb1b73c4f0bda4f67dca266ce6ef42f520fbb98,0x7071f121c038a98f8a7d485648a27fcd48891ba8,0,0,call,0x,61.49352639,None
4802650,1514322195,0xfba93e2df27344d4aeb849f63820c0470b5462d9cae913dac6f826626c1668b7,0xfbb1b73c4f0bda4f67dca266ce6ef42f520fbb98,0x7071f121c038a98f8a7d485648a27fcd48891ba8,0,0,call,0x,33.610446780000004,None
4803128,1514329327,0x22b99450a8aabd508d9bebd634ddc64ae24f3a211a23ea7940d45afffda3414f,0xfbb1b73c4f0bda4f67dca266ce6ef42f520fbb98,0x7071f121c038a98f8a7d485648a27fcd48891ba8,0,0,call,0x,68.75827437000001,None
4803378,1514332934,0xfefdeccc742bb583f5132850663df21632625c325b8a9764d264d47963fd6e67,0xfbb1b73c4f0bda4f67dca266ce6ef42f520fbb98,0x7071f121c038a98f8a7d485648a27fcd48891ba8,0,0,call,0x,29.91669995,None
4804114,1514343707,0x3fe518f242f247989b60c196be94549b753c3ea468dbd78b7be3885c94a2d2a1,0xfbb1b73c4f0bda4f67dca266ce6ef42f520fbb98,0x7071f121c038a98f8a7d485648a27fcd48891ba8,0,0,call,0x,27.20440936,None
4805110,1514358073,0x1d83b0202f70f89b4cf85e021d5f09ecf16807116ecf6c9c27afe48b16e17190,0xfbb1b73c4f0bda4f67dca266ce6ef42f520fbb98,0x7071f121c038a98f8a7d485648a27fcd48891ba8,0,0,call,0x,49.14583676,None
4805376,1514361693,0x8b61575ce9820f6328106889af4e7cbfe959b4af6ec871d004a2e5640fc25473,0xfbb1b73c4f0bda4f67dca266ce6ef42f520fbb98,0x7071f121c038a98f8a7d485648a27fcd48891ba8,0,0,call,0x,33.749884550000004,None
4805636,1514365507,0x34545be921306f9f1d2969981e7cc03b84c2e6d6b3717d706b5761ebfd889d21,0xfbb1b73c4f0bda4f67dca266ce6ef42f520fbb98,0x7071f121c038a98f8a7d485648a27fcd48891ba8,0,0,call,0x,75.83270148,None
4805877,1514369022,0xc6c3b84616799e52975a1e618d55bfed75dddbac2b4dade213003ea280c5d185,0xfbb1b73c4f0bda4f67dca266ce6ef42f520fbb98,0x7071f121c038a98f8a7d485648a27fcd48891ba8,0,0,call,0x,40.20271142,None
4806107,1514372579,0x20ffd1c6bb0e4354173197851b6c726c17dacb4428c656fc16ab53eef79744e4,0xfbb1b73c4f0bda4f67dca266ce6ef42f520fbb98,0x7071f121c038a98f8a7d485648a27fcd48891ba8,0,0,call,0x,58.88947325,None
4806374,1514376102,0xaf4051d25c24bdc6f5417f3520809a624157e0bafdb7f50b3c5bea523991a5eb,0xfbb1b73c4f0bda4f67dca266ce6ef42f520fbb98,0x7071f121c038a98f8a7d485648a27fcd48891ba8,0,0,call,0x,63.44797303,None
4806624,1514379779,0x76e4a5662a96f41856cef46b83fabbea1e0aa48e8719c55922675e30905f98f9,0xfbb1b73c4f0bda4f67dca266ce6ef42f520fbb98,0x7071f121c038a98f8a7d485648a27fcd48891ba8,0,0,call,0x,67.21548239,None
4806888,1514383452,0x7464f216f22a02bd2aa7e21fd073d519e7b68c5cf68d879631ee8b0cac8c6ce1,0xfbb1b73c4f0bda4f67dca266ce6ef42f520fbb98,0x7071f121c038a98f8a7d485648a27fcd48891ba8,0,0,call,0x,105.15703538,None
4807117,1514386985,0x240ad935854ae9d8d42845fc76f6ea253ae31d318bd71071c38fb15539296bfe,0xfbb1b73c4f0bda4f67dca266ce6ef42f520fbb98,0x7071f121c038a98f8a7d485648a27fcd48891ba8,0,0,call,0x,75.46479205,None
4807361,1514390528,0x0411eb3b8b54f40b8f4cb44697a5595c5738df9aca7336f369dadb71012b610c,0xfbb1b73c4f0bda4f67dca266ce6ef42f520fbb98,0x7071f121c038a98f8a7d485648a27fcd48891ba8,0,0,call,0x,77.52988769000002,None
4807617,1514394094,0xf2becbb3e1070326beb44daa756b720884eaa34757cb71e618b64e4ea66a8da3,0xfbb1b73c4f0bda4f67dca266ce6ef42f520fbb98,0x7071f121c038a98f8a7d485648a27fcd48891ba8,0,0,call,0x,98.29788699,None
4807876,1514397901,0xbe14126a849b667ed7115028b1cdcec7808f0fb0281c43a0ce6558b3254e66a8,0xfbb1b73c4f0bda4f67dca266ce6ef42f520fbb98,0x7071f121c038a98f8a7d485648a27fcd48891ba8,0,0,call,0x,65.10960941,None
4808106,1514401339,0xfef544c2dec5b777efa7ed2d7a24a357dc852a2a5a6c03278dce683143d86ddb,0xfbb1b73c4f0bda4f67dca266ce6ef42f520fbb98,0x7071f121c038a98f8a7d485648a27fcd48891ba8,0,0,call,0x,59.09798308,None
4811312,1514448117,0xad21182dc4f12724a06d848bb0ef98cc0d3f96b241a26ce2745e7727a8672855,0xfbb1b73c4f0bda4f67dca266ce6ef42f520fbb98,0x7071f121c038a98f8a7d485648a27fcd48891ba8,0,0,call,0x,35.33906413,None
4811564,1514451675,0x6b949147233528e2f9c989da3f7b8a5f4508ecb361369ab7c4698ee5e496465a,0xfbb1b73c4f0bda4f67dca266ce6ef42f520fbb98,0x7071f121c038a98f8a7d485648a27fcd48891ba8,0,0,call,0x,70.72188427,None
4811838,1514455299,0xca8540aafcdb5e62e1e8702e4f74e600e04b450bb479ffa3b509757bbf1c9da7,0xfbb1b73c4f0bda4f67dca266ce6ef42f520fbb98,0x7071f121c038a98f8a7d485648a27fcd48891ba8,0,0,call,0x,137.69178023,None
4812069,1514458899,0xe0b4dc45837089ea42c0a4f9b522bb4914c912b1e5cc8be0ee3823994ecb9805,0xfbb1b73c4f0bda4f67dca266ce6ef42f520fbb98,0x7071f121c038a98f8a7d485648a27fcd48891ba8,0,0,call,0x,77.53438790000001,None
4812311,1514462583,0x7c443ef718416ffce430449e31ce8d9104217038ee381c277d5ab567a46750cc,0xfbb1b73c4f0bda4f67dca266ce6ef42f520fbb98,0x7071f121c038a98f8a7d485648a27fcd48891ba8,0,0,call,0x,76.03787333,None
4812571,1514466120,0xb7b8166c7febea581d742d4220ad2c8357aa074d4d28a4a60a43b3046e85dfc8,0xfbb1b73c4f0bda4f67dca266ce6ef42f520fbb98,0x7071f121c038a98f8a7d485648a27fcd48891ba8,0,0,call,0x,115.62672106,None
4812833,1514469793,0x3c19f649f578ae7f158d6dd330cd5b5dcaa242661a18ceb0966000ff14dd7cc2,0xfbb1b73c4f0bda4f67dca266ce6ef42f520fbb98,0x7071f121c038a98f8a7d485648a27fcd48891ba8,0,0,call,0x,84.05749811999998,None
4813071,1514473358,0xf4141ec681f7a9a7028e00d2cace6302aac460e26884351c7a0e5ce42d2f7c65,0xfbb1b73c4f0bda4f67dca266ce6ef42f520fbb98,0x7071f121c038a98f8a7d485648a27fcd48891ba8,0,0,call,0x,105.21924212,None
4813318,1514476961,0x1888d9c8ac23c4d06fb96ad438eef48ddbc3da1dd3838dbe2b32958ebf89507d,0xfbb1b73c4f0bda4f67dca266ce6ef42f520fbb98,0x7071f121c038a98f8a7d485648a27fcd48891ba8,0,0,call,0x,44.27375972,None
4813561,1514480559,0xa7a1e3b1c7918b9586d15061d73efb9a1c91a1376ca5fffd92e3402dfc91658a,0xfbb1b73c4f0bda4f67dca266ce6ef42f520fbb98,0x7071f121c038a98f8a7d485648a27fcd48891ba8,0,0,call,0x,137.55984726,None
4813770,1514484118,0x297059ab25f2dea664be9c2ab530de4319acc10490eb7b32207a5572124f94d4,0xfbb1b73c4f0bda4f67dca266ce6ef42f520fbb98,0x7071f121c038a98f8a7d485648a27fcd48891ba8,0,0,call,0x,124.78687162,None
4814018,1514487694,0xaba0917f1c6ea4f93c1f3236f0729b940e87b6f5290c91cfbc39639beea1809a,0xfbb1b73c4f0bda4f67dca266ce6ef42f520fbb98,0x7071f121c038a98f8a7d485648a27fcd48891ba8,0,0,call,0x,102.28563446,None
4814259,1514491268,0xa2257e5cefea8946ae35e8333540ca3ae59bea75213073b3fb4f2e59e8c027c7,0xfbb1b73c4f0bda4f67dca266ce6ef42f520fbb98,0x7071f121c038a98f8a7d485648a27fcd48891ba8,0,0,call,0x,76.62530716,None
4814503,1514495039,0x4ef40f5ccd717bf3e2e8f6f2ea3ae378ea6d6b41141bc0e7ad1d916f87017d36,0xfbb1b73c4f0bda4f67dca266ce6ef42f520fbb98,0x7071f121c038a98f8a7d485648a27fcd48891ba8,0,0,call,0x,72.96213984,None
4814730,1514498516,0x7d4b4b58f9775736e27e7ad4284bc15da12611d62e95f28aed172c56d9ded1a8,0xfbb1b73c4f0bda4f67dca266ce6ef42f520fbb98,0x7071f121c038a98f8a7d485648a27fcd48891ba8,0,0,call,0x,78.96813326,None
4814967,1514502126,0x6f3f5a8815be89020837fe6d3847172464d62abfdc3591ac4991906e3614e99e,0xfbb1b73c4f0bda4f67dca266ce6ef42f520fbb98,0x7071f121c038a98f8a7d485648a27fcd48891ba8,0,0,call,0x,58.498250399999996,None
4815239,1514505894,0x78c51fadf6775f2bbfdb46e3c71df5b900ea110ca2149ed4c0519c361dfa5563,0xfbb1b73c4f0bda4f67dca266ce6ef42f520fbb98,0x7071f121c038a98f8a7d485648a27fcd48891ba8,0,0,call,0x,127.18179996,None
4815480,1514509375,0x2f09b417e97a3a19a3d6ce39e5437071fa12b3eff32cc4228c71ef20e1d90f74,0xfbb1b73c4f0bda4f67dca266ce6ef42f520fbb98,0x7071f121c038a98f8a7d485648a27fcd48891ba8,0,0,call,0x,36.57118443,None
4815746,1514513117,0xd0efa0be2fe59ba9cb67b7902a39ab594081031af36e82f8dfe1d3337e862373,0xfbb1b73c4f0bda4f67dca266ce6ef42f520fbb98,0x7071f121c038a98f8a7d485648a27fcd48891ba8,0,0,call,0x,28.12517709,None
4817387,1514538076,0x750830f9e49cf822e18386a17e48fd45a28c035c20adef4a1737b583a55db226,0xfbb1b73c4f0bda4f67dca266ce6ef42f520fbb98,0x7071f121c038a98f8a7d485648a27fcd48891ba8,0,0,call,0x,77.47173715999998,None
4817649,1514541722,0xd6453c652a549d33a4bd304618d2e84ae90709f2fe1c129dd8dadabff35bcdbd,0xfbb1b73c4f0bda4f67dca266ce6ef42f520fbb98,0x7071f121c038a98f8a7d485648a27fcd48891ba8,0,0,call,0x,61.53173576,None
4817896,1514545374,0x8ff4d90fabf7fbd75a8bd48437134172448ba5ecedc3a03182a3b72d7a1ace04,0xfbb1b73c4f0bda4f67dca266ce6ef42f520fbb98,0x7071f121c038a98f8a7d485648a27fcd48891ba8,0,0,call,0x,121.99985469,None
4818145,1514548962,0x6ae65500f5776c1bf4586dfb15c057fda8e9a0756a97e89b2164c9bb117c5193,0xfbb1b73c4f0bda4f67dca266ce6ef42f520fbb98,0x7071f121c038a98f8a7d485648a27fcd48891ba8,0,0,call,0x,83.40727344,None
4818377,1514552606,0x5241f316ec63bfb1eb1568852122a4b74b2c0ec3406a7387f8668b5ed0e6b19f,0xfbb1b73c4f0bda4f67dca266ce6ef42f520fbb98,0x7071f121c038a98f8a7d485648a27fcd48891ba8,0,0,call,0x,148.47429602000003,None
4818635,1514556152,0x9cae00db391d8c109d38d593f9c5ce6fc85c229bb80fa592745a639a4789a0c7,0xfbb1b73c4f0bda4f67dca266ce6ef42f520fbb98,0x7071f121c038a98f8a7d485648a27fcd48891ba8,0,0,call,0x,130.91155072,None
4818857,1514559775,0x008a1c49873bebda03134bea9065f0f80b173a36d9211947d71cf5d995b8a514,0xfbb1b73c4f0bda4f67dca266ce6ef42f520fbb98,0x7071f121c038a98f8a7d485648a27fcd48891ba8,0,0,call,0x,90.4948491,None
4819112,1514563410,0x04f6aba6d1e47e6bfc3552185009064d7bb13f2740df5ef8f778a4a749da0f1d,0xfbb1b73c4f0bda4f67dca266ce6ef42f520fbb98,0x7071f121c038a98f8a7d485648a27fcd48891ba8,0,0,call,0x,112.72699082,None
4819362,1514567431,0xee105b18354c2be1b51406bcc3ac6bfc374922ff5eec5f7d704c9b6678d97b8c,0xfbb1b73c4f0bda4f67dca266ce6ef42f520fbb98,0x7071f121c038a98f8a7d485648a27fcd48891ba8,0,0,call,0x,122.46877024,None
4819571,1514570707,0x22201a33a29a4d6624abd0681842c38f86ce32727b8769620b825e9ac0c72cfd,0xfbb1b73c4f0bda4f67dca266ce6ef42f520fbb98,0x7071f121c038a98f8a7d485648a27fcd48891ba8,0,0,call,0x,103.2284374,None
4819796,1514574187,0xd3baeac8cacb8cb88ff3b26610f09dfd1c9c3961988fc6f478df20d08fad47ee,0xfbb1b73c4f0bda4f67dca266ce6ef42f520fbb98,0x7071f121c038a98f8a7d485648a27fcd48891ba8,0,0,call,0x,98.37339747,None
4820056,1514577781,0x6027ddb0caf4d79af614df2531c1ba06da34769197c5b9b4cde18300ae263563,0xfbb1b73c4f0bda4f67dca266ce6ef42f520fbb98,0x7071f121c038a98f8a7d485648a27fcd48891ba8,0,0,call,0x,103.35395744,None
4820289,1514581446,0xcf2b33dbfbb12add747f4fd4fec49e59185dbb42468557b1f5fdf28cb843271a,0xfbb1b73c4f0bda4f67dca266ce6ef42f520fbb98,0x7071f121c038a98f8a7d485648a27fcd48891ba8,0,0,call,0x,97.38664232,None
4820509,1514584874,0x64da73cb800e23355d6939f578da8e0661565de72c79913642cfb059c7de9d90,0xfbb1b73c4f0bda4f67dca266ce6ef42f520fbb98,0x7071f121c038a98f8a7d485648a27fcd48891ba8,0,0,call,0x,28.53628094,None
4821013,1514592168,0x2eb74f5050e53e2ec00db6e01188049b63a51bfab02383d92beab1c00113e18c,0xfbb1b73c4f0bda4f67dca266ce6ef42f520fbb98,0x7071f121c038a98f8a7d485648a27fcd48891ba8,0,0,call,0x,345.22631018,None
4821232,1514595693,0xab54b48e0b75757b3dfdcea0ccf2c2b0abb1d169fe07d99eb6f18bd7e5006e64,0xfbb1b73c4f0bda4f67dca266ce6ef42f520fbb98,0x7071f121c038a98f8a7d485648a27fcd48891ba8,0,0,call,0x,37.6613286,None
4821492,1514599784,0xa5df1571d6100a7d29dab5ce91a0f2016498ff18fd440a80fa05cc8a27bb8ac4,0xfbb1b73c4f0bda4f67dca266ce6ef42f520fbb98,0x7071f121c038a98f8a7d485648a27fcd48891ba8,0,0,call,0x,35.96465022,None
4821725,1514602877,0xc84d41fb0d9a6a8779d870fb18690d5ccea0e2f4d85e9d196d332a74098efa89,0xfbb1b73c4f0bda4f67dca266ce6ef42f520fbb98,0x7071f121c038a98f8a7d485648a27fcd48891ba8,0,0,call,0x,52.32382455,None
4822185,1514610113,0x0d953e45d49d79d4e0daa802362d96fca502a0b92e70aceccb93d69d36279511,0xfbb1b73c4f0bda4f67dca266ce6ef42f520fbb98,0x7071f121c038a98f8a7d485648a27fcd48891ba8,0,0,call,0x,35.32693091,None
4822429,1514614046,0xaba11a7a23e65e42f11c6c3216275ca73a871795fa7700bde63c64aa33accb7b,0xfbb1b73c4f0bda4f67dca266ce6ef42f520fbb98,0x7071f121c038a98f8a7d485648a27fcd48891ba8,0,0,call,0x,27.688230100000002,None
4822648,1514617482,0x2c493c09d3cced8e671254dec674f4450f694889051ed58f37a5424fdef82d06,0xfbb1b73c4f0bda4f67dca266ce6ef42f520fbb98,0x7071f121c038a98f8a7d485648a27fcd48891ba8,0,0,call,0x,35.01422362,None
4822887,1514621017,0x5034b184960cf21fc86dd63bd9ad716ec87f122b4dbd87f8d67fc438a97f71e3,0xfbb1b73c4f0bda4f67dca266ce6ef42f520fbb98,0x7071f121c038a98f8a7d485648a27fcd48891ba8,0,0,call,0x,51.97342603,None
4823125,1514624568,0xca1c9972885849988c3b117cb7a4361de4d5a1043b1dcdf4cc755cacc09d0c10,0xfbb1b73c4f0bda4f67dca266ce6ef42f520fbb98,0x7071f121c038a98f8a7d485648a27fcd48891ba8,0,0,call,0x,80.41714026000002,None
4823358,1514628125,0x1113e2a76487f1a8fc4620a0826b876118f54024de49f39951750a7d12a5e654,0xfbb1b73c4f0bda4f67dca266ce6ef42f520fbb98,0x7071f121c038a98f8a7d485648a27fcd48891ba8,0,0,call,0x,81.04442144,None
4823616,1514631705,0xb6137ec66e4c36d9a0ad12adc5f3177f272c689d43f9d6a6c4ce2821c3b9f8dc,0xfbb1b73c4f0bda4f67dca266ce6ef42f520fbb98,0x7071f121c038a98f8a7d485648a27fcd48891ba8,0,0,call,0x,38.42817167,None
4823863,1514635325,0x2e039ba3b43fab94f8329117282a2f82c1fe064bda19bd3603a2d2a8ac8604da,0xfbb1b73c4f0bda4f67dca266ce6ef42f520fbb98,0x7071f121c038a98f8a7d485648a27fcd48891ba8,0,0,call,0x,30.63197059,None
4824118,1514639052,0xce770481006e5381cd29608e361b4621befd7a58007a8777f07eed038aa6c109,0xfbb1b73c4f0bda4f67dca266ce6ef42f520fbb98,0x7071f121c038a98f8a7d485648a27fcd48891ba8,0,0,call,0x,68.20413996,None
4824364,1514642751,0x84f2eed0a1cfb024e2f673ae992e5724ad475b97e69ad8993a77d9e8943046cf,0xfbb1b73c4f0bda4f67dca266ce6ef42f520fbb98,0x7071f121c038a98f8a7d485648a27fcd48891ba8,0,0,call,0x,173.71195312,None
4824592,1514646114,0x9d0652a448e5be746440ffb5ef613f033c8e75fc19e7e3f7f80f07076e0a539b,0xfbb1b73c4f0bda4f67dca266ce6ef42f520fbb98,0x7071f121c038a98f8a7d485648a27fcd48891ba8,0,0,call,0x,135.8451767,None
4824843,1514649842,0x47bf019f97cccd80775fd2bac68ce56c24304f41e3ee03faa5f817f6e72f662b,0xfbb1b73c4f0bda4f67dca266ce6ef42f520fbb98,0x7071f121c038a98f8a7d485648a27fcd48891ba8,0,0,call,0x,64.66589312,None
4825075,1514653340,0xade46210012efcba5f6c39b0ff50d9641fff887f15e03ae901355ab0f50070b0,0xfbb1b73c4f0bda4f67dca266ce6ef42f520fbb98,0x7071f121c038a98f8a7d485648a27fcd48891ba8,0,0,call,0x,94.67644989,None
4825312,1514656987,0x4cc269e022ff2a77260b50a9f71d8879689b2575911c77f417b3017e0bb18d0e,0xfbb1b73c4f0bda4f67dca266ce6ef42f520fbb98,0x7071f121c038a98f8a7d485648a27fcd48891ba8,0,0,call,0x,108.82207531,None
4825553,1514660502,0x029b2ca14519dc2106eb70959edc3ace1861e458a6fea4ed4ea9870e7a61fc6d,0xfbb1b73c4f0bda4f67dca266ce6ef42f520fbb98,0x7071f121c038a98f8a7d485648a27fcd48891ba8,0,0,call,0x,80.66425829,None
4825826,1514664101,0x49a7ec03b625ec109fc3d51600c05f01c55772eb2d5f38e77e0220e608d29428,0xfbb1b73c4f0bda4f67dca266ce6ef42f520fbb98,0x7071f121c038a98f8a7d485648a27fcd48891ba8,0,0,call,0x,49.72428985,None
4826060,1514667760,0x17d1be74e38cb56bd3543ad37f39172d8e040c3dfb4a28ffcca66ac57429306d,0xfbb1b73c4f0bda4f67dca266ce6ef42f520fbb98,0x7071f121c038a98f8a7d485648a27fcd48891ba8,0,0,call,0x,58.220132770000006,None
4826291,1514671353,0xdecab084946c6404ceeec9b48f2f914f6278352dc5a01f6a28c49467fac88155,0xfbb1b73c4f0bda4f67dca266ce6ef42f520fbb98,0x7071f121c038a98f8a7d485648a27fcd48891ba8,0,0,call,0x,57.47918489999999,None
4826551,1514674939,0x50b9334a7333be2a360317d1099e631f1b7a4b7de176372ae6ce77015522a2a6,0xfbb1b73c4f0bda4f67dca266ce6ef42f520fbb98,0x7071f121c038a98f8a7d485648a27fcd48891ba8,0,0,call,0x,55.24607494,None
4826792,1514678612,0xbadc842844fde82503d050bf8a8ae12887194451619bdecc34069e19050eabc6,0xfbb1b73c4f0bda4f67dca266ce6ef42f520fbb98,0x7071f121c038a98f8a7d485648a27fcd48891ba8,0,0,call,0x,34.18934208,None
4827058,1514682094,0x95b498e41e98ea8065a04a1d29b2b04f405766a9f856ba42b9cb15493bd20be6,0xfbb1b73c4f0bda4f67dca266ce6ef42f520fbb98,0x7071f121c038a98f8a7d485648a27fcd48891ba8,0,0,call,0x,32.34155495,None
4827795,1514692938,0xaa78d99536e3364856350b405c7916d53c0687a0373691b82d6789b6802478b7,0xfbb1b73c4f0bda4f67dca266ce6ef42f520fbb98,0x7071f121c038a98f8a7d485648a27fcd48891ba8,0,0,call,0x,43.91985127,None
4828303,1514700166,0x84d76c2a6de87feab895ffc766ad75ffee3db64f89cce0c95d958f7f142598eb,0xfbb1b73c4f0bda4f67dca266ce6ef42f520fbb98,0x7071f121c038a98f8a7d485648a27fcd48891ba8,0,0,call,0x,29.03769794,None
4829045,1514710939,0x0c410e8f0c296ade2c2619585c22a4a4cdbbc1c7e22b7ebb343621fb2e449c75,0xfbb1b73c4f0bda4f67dca266ce6ef42f520fbb98,0x7071f121c038a98f8a7d485648a27fcd48891ba8,0,0,call,0x,72.81221826,None
4829298,1514714601,0x8a3f144d45d16de6745f0f79d91806cfa91a399d90109a970b9e5963eab612e6,0xfbb1b73c4f0bda4f67dca266ce6ef42f520fbb98,0x7071f121c038a98f8a7d485648a27fcd48891ba8,0,0,call,0x,39.10999483,None
4829529,1514718320,0xece6461e865dbb94d098687704a9135d1e4b7ebfb733feb8ab89a7ac4777b5a6,0xfbb1b73c4f0bda4f67dca266ce6ef42f520fbb98,0x7071f121c038a98f8a7d485648a27fcd48891ba8,0,0,call,0x,52.62141203,None
4829741,1514721708,0x4451934fa252cc832e445816adbcd4bcbc349d78ff7645e0120bbf9725a2afe0,0xfbb1b73c4f0bda4f67dca266ce6ef42f520fbb98,0x7071f121c038a98f8a7d485648a27fcd48891ba8,0,0,call,0x,105.20458191,None
4830009,1514725346,0xd2c8c430d7be050a6c207def3c9c225032b363119b001bd139fd74b275ce6a28,0xfbb1b73c4f0bda4f67dca266ce6ef42f520fbb98,0x7071f121c038a98f8a7d485648a27fcd48891ba8,0,0,call,0x,92.57633382,None
4830277,1514728917,0x2331105f17a027335657e9c3454bbb95e07a5c1097d9f1a9c3f45dce13e77b8f,0xfbb1b73c4f0bda4f67dca266ce6ef42f520fbb98,0x7071f121c038a98f8a7d485648a27fcd48891ba8,0,0,call,0x,48.22351945,None
4830508,1514732564,0xef25c09195c5275b143c314c897cd0221d8225d20c2ced9d18113dd7313732bc,0xfbb1b73c4f0bda4f67dca266ce6ef42f520fbb98,0x7071f121c038a98f8a7d485648a27fcd48891ba8,0,0,call,0x,36.96041994,None
4830739,1514736119,0xf09263075610ffe8bdf22ce49d6722dbce5951ed5b7c28b099210bfce2392b03,0xfbb1b73c4f0bda4f67dca266ce6ef42f520fbb98,0x7071f121c038a98f8a7d485648a27fcd48891ba8,0,0,call,0x,104.51103226,None
4831004,1514739751,0xc2e88a5b864996a06c42aeba06352377752b2d2287b661115ffdd65d60010292,0xfbb1b73c4f0bda4f67dca266ce6ef42f520fbb98,0x7071f121c038a98f8a7d485648a27fcd48891ba8,0,0,call,0x,115.86297482,None
4831489,1514746935,0x68bbefcca57d46c395c8b4d18c63995a50a8900c9a4e69e9bad614ac39dc081b,0xfbb1b73c4f0bda4f67dca266ce6ef42f520fbb98,0x7071f121c038a98f8a7d485648a27fcd48891ba8,0,0,call,0x,74.5169379,None
4831994,1514754102,0x205495977807edff104c9c9203d32c4e4ae79be0c2adec434b5c58fbfdc4777d,0xfbb1b73c4f0bda4f67dca266ce6ef42f520fbb98,0x7071f121c038a98f8a7d485648a27fcd48891ba8,0,0,call,0x,31.50922761,None
4832232,1514757759,0x5258e213c1bf0ddf48f68ba3c610b9b63985348c6aef7aea36720a9d4736199d,0xfbb1b73c4f0bda4f67dca266ce6ef42f520fbb98,0x7071f121c038a98f8a7d485648a27fcd48891ba8,0,0,call,0x,28.41635547000001,None
4832463,1514761349,0x3fb0d90757a40d71b87f1da1696933d597f876df3b223964d3e8cfe2bd328d26,0xfbb1b73c4f0bda4f67dca266ce6ef42f520fbb98,0x7071f121c038a98f8a7d485648a27fcd48891ba8,0,0,call,0x,23.30851223,None
4833455,1514775705,0x77213b3717ef07a43a03a256a09be7163fc027eab75edcaaca621808d6a33280,0xfbb1b73c4f0bda4f67dca266ce6ef42f520fbb98,0x7071f121c038a98f8a7d485648a27fcd48891ba8,0,0,call,0x,31.11573089,None
4834717,1514793723,0x896629bbffb84d80dd91796a9cf9c4e6be41805d488e902294d18f1cdad47bfd,0xfbb1b73c4f0bda4f67dca266ce6ef42f520fbb98,0x7071f121c038a98f8a7d485648a27fcd48891ba8,0,0,call,0x,38.29869467,None
4835475,1514804569,0x9211ecd1988689c16d5480aade5a87b399626bec8a43ff32af50f95330198473,0xfbb1b73c4f0bda4f67dca266ce6ef42f520fbb98,0x7071f121c038a98f8a7d485648a27fcd48891ba8,0,0,call,0x,29.05282034,None
4835928,1514811720,0x109db77cbaa956b754b2a588c6f30b1848d461cdca64d2192b5eb921e1b53dba,0xfbb1b73c4f0bda4f67dca266ce6ef42f520fbb98,0x7071f121c038a98f8a7d485648a27fcd48891ba8,0,0,call,0x,46.7980754,None
4836170,1514815306,0xddf9268244efdcda4537668a35d8c63ebf342a500906e342f5425cde4ff89293,0xfbb1b73c4f0bda4f67dca266ce6ef42f520fbb98,0x7071f121c038a98f8a7d485648a27fcd48891ba8,0,0,call,0x,36.02178141,None
4836404,1514818933,0x632e018e04e7dd696abb7e47d70286b88ca1a5e7c2d714fd3ba9b97fdc920d41,0xfbb1b73c4f0bda4f67dca266ce6ef42f520fbb98,0x7071f121c038a98f8a7d485648a27fcd48891ba8,0,0,call,0x,45.38144752,None
4836671,1514822497,0x72233d2d614270125b850b7dcbca636edf2281c2c783994fa81924acb10a79c9,0xfbb1b73c4f0bda4f67dca266ce6ef42f520fbb98,0x7071f121c038a98f8a7d485648a27fcd48891ba8,0,0,call,0x,23.187226199999998,None
4837165,1514829751,0x84e3986dfdd2d80fbd40893a287ec01bd14d890a896208b7cfa4d482717d1525,0xfbb1b73c4f0bda4f67dca266ce6ef42f520fbb98,0x7071f121c038a98f8a7d485648a27fcd48891ba8,0,0,call,0x,37.23842856,None
4837644,1514836898,0x9e98056936af7bde5c066af010b37557fd82da62d44e9b0fdbd033daf4c56baf,0xfbb1b73c4f0bda4f67dca266ce6ef42f520fbb98,0x7071f121c038a98f8a7d485648a27fcd48891ba8,0,0,call,0x,49.54447567,None
4837880,1514840500,0x093c75e5af218dfdaa03ff88dac5e97ea6cfea0c07f9c86ce162d52c586e79d9,0xfbb1b73c4f0bda4f67dca266ce6ef42f520fbb98,0x7071f121c038a98f8a7d485648a27fcd48891ba8,0,0,call,0x,34.70723453,None
4838137,1514844207,0xf5f37d9053eb6600d489aec41f95f21b463304a30980a09bbe65aabde9512d18,0xfbb1b73c4f0bda4f67dca266ce6ef42f520fbb98,0x7071f121c038a98f8a7d485648a27fcd48891ba8,0,0,call,0x,47.29433011,None
4838371,1514847705,0x26f7d4fd13321c6fd96fdb5a2b9ef868161037e65b55097190d9c04d1a9adf44,0xfbb1b73c4f0bda4f67dca266ce6ef42f520fbb98,0x7071f121c038a98f8a7d485648a27fcd48891ba8,0,0,call,0x,60.18126136,None
4838621,1514851409,0xb882d36b317da4585817e8ac86cbecfba99488d42968f8b8612f5f3b97f6e9fa,0xfbb1b73c4f0bda4f67dca266ce6ef42f520fbb98,0x7071f121c038a98f8a7d485648a27fcd48891ba8,0,0,call,0x,29.12557055000001,None
4839114,1514858547,0x2aec944a09b223420e81e26c9643d1b976661d5fb62b6f5a0859362dd83dba91,0xfbb1b73c4f0bda4f67dca266ce6ef42f520fbb98,0x7071f121c038a98f8a7d485648a27fcd48891ba8,0,0,call,0x,98.08242159,None
4843412,1514923486,0x5ee5af92603f036e7c403e44299dfb436f50fb890c498428774219ca70090c37,0xfbb1b73c4f0bda4f67dca266ce6ef42f520fbb98,0x7071f121c038a98f8a7d485648a27fcd48891ba8,0,0,call,0x,65.57852368,None
4843666,1514926965,0x4f7d79535652d46bd4ea81c2325a0d42400259e1581e8ef7541c8de2b38c9923,0xfbb1b73c4f0bda4f67dca266ce6ef42f520fbb98,0x7071f121c038a98f8a7d485648a27fcd48891ba8,0,0,call,0x,165.11334033,None
4843895,1514930522,0xb50016e6dcaa47357c5ff2cd7ceeaa73b9bfe9efb6d421225de2d7eca54a5541,0xfbb1b73c4f0bda4f67dca266ce6ef42f520fbb98,0x7071f121c038a98f8a7d485648a27fcd48891ba8,0,0,call,0x,86.95101772000002,None
4844142,1514934152,0x7f7553732cd33ed94370eae7046234b57f59a0d60f841f553b6d490aeafbb751,0xfbb1b73c4f0bda4f67dca266ce6ef42f520fbb98,0x7071f121c038a98f8a7d485648a27fcd48891ba8,0,0,call,0x,68.67423633,None
4844374,1514937771,0x8c8d21ad09759c740f6ee8cfd138aef63dde6c6f14baa11c1dacc29db861f89b,0xfbb1b73c4f0bda4f67dca266ce6ef42f520fbb98,0x7071f121c038a98f8a7d485648a27fcd48891ba8,0,0,call,0x,41.65380726,None
4844618,1514941398,0x4ccd1cf571266ef462725ce761dced51ccc1df8c5f1a678f3570e0f5809fba43,0xfbb1b73c4f0bda4f67dca266ce6ef42f520fbb98,0x7071f121c038a98f8a7d485648a27fcd48891ba8,0,0,call,0x,27.664816060000003,None
4845083,1514948548,0xebabf2cd45053844aeccf5981bb2eb2557de1c9544fe248f13345b1940d7feb5,0xfbb1b73c4f0bda4f67dca266ce6ef42f520fbb98,0x7071f121c038a98f8a7d485648a27fcd48891ba8,0,0,call,0x,35.21305579,None
4845573,1514955745,0xf3dc77e9d89a5c17bedccab5f99a411f91645e8e7072ddfb80cb57e35d891222,0xfbb1b73c4f0bda4f67dca266ce6ef42f520fbb98,0x7071f121c038a98f8a7d485648a27fcd48891ba8,0,0,call,0x,24.24250113,None
4846018,1514962993,0xac507378305d8805ddf88311ee20e9617159a2736ae1b95964d6d8a07ab2333e,0xfbb1b73c4f0bda4f67dca266ce6ef42f520fbb98,0x7071f121c038a98f8a7d485648a27fcd48891ba8,0,0,call,0x,58.47757499,None
4846235,1514966589,0xad04717dddd7b79f2c0722ec27ebb50a82774334975f29e6fc6d9a2733603eb0,0xfbb1b73c4f0bda4f67dca266ce6ef42f520fbb98,0x7071f121c038a98f8a7d485648a27fcd48891ba8,0,0,call,0x,108.78284008,None
4846461,1514970117,0xa410a4f4e240731b904982f23e4d6b849af7855acf1af3cf6133f12fac2c8afd,0xfbb1b73c4f0bda4f67dca266ce6ef42f520fbb98,0x7071f121c038a98f8a7d485648a27fcd48891ba8,0,0,call,0x,87.4882379,None
4846694,1514973759,0x350c56fffba1cfa52251c7b1194248bace069779c7d00da4e868d30e982c2804,0xfbb1b73c4f0bda4f67dca266ce6ef42f520fbb98,0x7071f121c038a98f8a7d485648a27fcd48891ba8,0,0,call,0x,76.70472063,None
4846950,1514977401,0x1682194f2873985aea66d339966d573ef1dfdb46f4cf9283d1dfcb5dc1deaa0d,0xfbb1b73c4f0bda4f67dca266ce6ef42f520fbb98,0x7071f121c038a98f8a7d485648a27fcd48891ba8,0,0,call,0x,62.25979656,None
4847188,1514980916,0xfad77c43feee517ee0833ed73d32403d0f532e9bead139044fb68284b8afbbe5,0xfbb1b73c4f0bda4f67dca266ce6ef42f520fbb98,0x7071f121c038a98f8a7d485648a27fcd48891ba8,0,0,call,0x,103.43899274,None
4847436,1514984576,0x7c05fa14820cdf33e997267ed0bc415f3d9b08e36cb50751d80b953eb6b68216,0xfbb1b73c4f0bda4f67dca266ce6ef42f520fbb98,0x7071f121c038a98f8a7d485648a27fcd48891ba8,0,0,call,0x,87.62012813,None
4847702,1514988457,0x25d0370a1d90b4cbd4690628f1a9fd0f9a5b12780ac4b46e4d99cb7825927baa,0xfbb1b73c4f0bda4f67dca266ce6ef42f520fbb98,0x7071f121c038a98f8a7d485648a27fcd48891ba8,0,0,call,0x,107.25485447,None
4847920,1514991769,0x844c2eeaebc2ea4e1473af0429638b49e1623d3a5857bfd040c6964e7fb19a75,0xfbb1b73c4f0bda4f67dca266ce6ef42f520fbb98,0x7071f121c038a98f8a7d485648a27fcd48891ba8,0,0,call,0x,131.95127205,None
4848142,1514995524,0x9eee2fdaa06b839bd2139d92e08d606501d532e61e1a8897f2e1b8e8b3e1e739,0xfbb1b73c4f0bda4f67dca266ce6ef42f520fbb98,0x7071f121c038a98f8a7d485648a27fcd48891ba8,0,0,call,0x,127.36052455,None
4848349,1514999022,0x946ae65d95f7926dbd9f6efd7b693f3b94249309fd64103a7b2ac4d3c9907510,0xfbb1b73c4f0bda4f67dca266ce6ef42f520fbb98,0x7071f121c038a98f8a7d485648a27fcd48891ba8,0,0,call,0x,207.41377386,None
4848553,1515002566,0xd76d7daf75c4b7655e0b68e834d950d76b6f91b908aed1350a61c1ab4b972362,0xfbb1b73c4f0bda4f67dca266ce6ef42f520fbb98,0x7071f121c038a98f8a7d485648a27fcd48891ba8,0,0,call,0x,173.34315805,None
4848780,1515006158,0xae6b0f7ae18bdddb1095c19598c430ac8f9d4eb5e7b9aea470087242dd739a12,0xfbb1b73c4f0bda4f67dca266ce6ef42f520fbb98,0x7071f121c038a98f8a7d485648a27fcd48891ba8,0,0,call,0x,223.61717854,None
4849258,1515013359,0xc6b9d9b561b7136618729b8a3614461b13696e61a281981de2eae5acaaa6791c,0xfbb1b73c4f0bda4f67dca266ce6ef42f520fbb98,0x7071f121c038a98f8a7d485648a27fcd48891ba8,0,0,call,0x,269.1434808,None
4849484,1515017233,0x9b52d06a56da31e7360d2f8fd2a0491dd4920023f053b0ccdbf50ba9f4f4c497,0xfbb1b73c4f0bda4f67dca266ce6ef42f520fbb98,0x7071f121c038a98f8a7d485648a27fcd48891ba8,0,0,call,0x,47.10903789,None
4849759,1515021715,0xae878dad4bd8ee6736b4c0b68c58b3b4921a3fb248ebd98d64a87755b9f0ee79,0xfbb1b73c4f0bda4f67dca266ce6ef42f520fbb98,0x7071f121c038a98f8a7d485648a27fcd48891ba8,0,0,call,0x,77.02220585,None
4850146,1515027903,0x66ec2092d7ae1a5af7c13f8250a9c34d44f434bb5274558d0a6186d16e6590ff,0xfbb1b73c4f0bda4f67dca266ce6ef42f520fbb98,0x7071f121c038a98f8a7d485648a27fcd48891ba8,0,0,call,0x,172.85499324,None
4850350,1515031516,0xe2bc3484c5578226b257a7e6bf4b9cc23fa3ce965ab99c4833a86ce187847745,0xfbb1b73c4f0bda4f67dca266ce6ef42f520fbb98,0x7071f121c038a98f8a7d485648a27fcd48891ba8,0,0,call,0x,34.17567728,None
4851724,1515053014,0xf458d4c313359514b3ff4cd5a6f66ae737a7547afb5e778deb0e85ab8ab574e5,0xfbb1b73c4f0bda4f67dca266ce6ef42f520fbb98,0x7071f121c038a98f8a7d485648a27fcd48891ba8,0,0,call,0x,193.70149956,None
4853786,1515085392,0x27046f22491959f1a315bedc95d6089b9f55585547b0290f4aef44380bc2a18a,0xfbb1b73c4f0bda4f67dca266ce6ef42f520fbb98,0x7071f121c038a98f8a7d485648a27fcd48891ba8,0,0,call,0x,1743.7112449899994,None
4854009,1515089029,0x61f749bda17627ebe6d9af249ac9d1ce9afabcbf30f29aa33bd9b104853b0ba1,0xfbb1b73c4f0bda4f67dca266ce6ef42f520fbb98,0x7071f121c038a98f8a7d485648a27fcd48891ba8,0,0,call,0x,74.05816937,None
4854242,1515092508,0x8054e2490aa9a7b4489d55505b89d668ccfd99c345e7684c45fa17c28be7ba7b,0xfbb1b73c4f0bda4f67dca266ce6ef42f520fbb98,0x7071f121c038a98f8a7d485648a27fcd48891ba8,0,0,call,0x,148.74694856,None
4854462,1515096109,0x185da9ecbbc5158938def37ff88b35c2f687863f64e26653b2ad746598f442ef,0xfbb1b73c4f0bda4f67dca266ce6ef42f520fbb98,0x7071f121c038a98f8a7d485648a27fcd48891ba8,0,0,call,0x,142.94774343999995,None
4854932,1515103367,0xa59201c7e51ca5d3035b3e4af96867a3ea0755510bd0336b3f2aaf0824b39124,0xfbb1b73c4f0bda4f67dca266ce6ef42f520fbb98,0x7071f121c038a98f8a7d485648a27fcd48891ba8,0,0,call,0x,106.3920544,None
4855368,1515110597,0x48d6b35550da16cdd16a97ea73a88a46c57130a4a0a2883df7b3d331ff9f2fa7,0xfbb1b73c4f0bda4f67dca266ce6ef42f520fbb98,0x7071f121c038a98f8a7d485648a27fcd48891ba8,0,0,call,0x,132.96420278,None
4855573,1515114200,0xca358ebb4e7091d2c20b2118149918829ee0bd324cf2a2e748a0341c8192d445,0xfbb1b73c4f0bda4f67dca266ce6ef42f520fbb98,0x7071f121c038a98f8a7d485648a27fcd48891ba8,0,0,call,0x,54.23392835999999,None
4855797,1515117740,0xbdb63fd6102596dd98a6e7ca7f7d3b36cf4bf5f118149bb2179203ea9451fe09,0xfbb1b73c4f0bda4f67dca266ce6ef42f520fbb98,0x7071f121c038a98f8a7d485648a27fcd48891ba8,0,0,call,0x,50.19419828,None
4856006,1515121357,0x36af58cf92d8e69aedf61482c7c6972867e52a7cb0462ea50dbfbd8e549e0d15,0xfbb1b73c4f0bda4f67dca266ce6ef42f520fbb98,0x7071f121c038a98f8a7d485648a27fcd48891ba8,0,0,call,0x,33.73768822,None
4856450,1515128662,0x8a6c7902763c7f22ef6496a5d5a67ccdef99360d7ba7912da9ff9eae19b34985,0xfbb1b73c4f0bda4f67dca266ce6ef42f520fbb98,0x7071f121c038a98f8a7d485648a27fcd48891ba8,0,0,call,0x,26.20303563,None
4856667,1515132183,0x6c173a02f5e37ea7ffa7d4235ffaf3a15f13753022d184f69e89f100a818b0d0,0xfbb1b73c4f0bda4f67dca266ce6ef42f520fbb98,0x7071f121c038a98f8a7d485648a27fcd48891ba8,0,0,call,0x,24.3543128,None
4856888,1515135725,0xa94c9575954a7439c4e0a99353bf279e8a0a92dacfd1cb966620857d4f852e84,0xfbb1b73c4f0bda4f67dca266ce6ef42f520fbb98,0x7071f121c038a98f8a7d485648a27fcd48891ba8,0,0,call,0x,46.39311365,None
4857102,1515139371,0x6355f99a22302459233921b81fe422df1fc2cfe92c1ef848444f01b1db092531,0xfbb1b73c4f0bda4f67dca266ce6ef42f520fbb98,0x7071f121c038a98f8a7d485648a27fcd48891ba8,0,0,call,0x,63.94541119,None
4857406,1515143889,0x30fc32f277e16319e598e7c611720aa5e907dc705f905b785d34a615dd02d2e0,0xfbb1b73c4f0bda4f67dca266ce6ef42f520fbb98,0x7071f121c038a98f8a7d485648a27fcd48891ba8,0,0,call,0x,81.64791457000003,None
4857571,1515146541,0x7917fa82f7ee70426e59b2f32645dbbd5a9d424cc20e8c0056de3ec230a4c8a2,0xfbb1b73c4f0bda4f67dca266ce6ef42f520fbb98,0x7071f121c038a98f8a7d485648a27fcd48891ba8,0,0,call,0x,133.88845936,None
4857802,1515150141,0x58807149e97436ea7854ac30d07caad1dea914c39955e08eaabd69a682995822,0xfbb1b73c4f0bda4f67dca266ce6ef42f520fbb98,0x7071f121c038a98f8a7d485648a27fcd48891ba8,0,0,call,0x,147.95752221,None
4858052,1515153939,0x523eac4d2a6112a742086cc3eb9221285ec268fd079c19f9327de37642650101,0xfbb1b73c4f0bda4f67dca266ce6ef42f520fbb98,0x7071f121c038a98f8a7d485648a27fcd48891ba8,0,0,call,0x,113.12450697,None
4858270,1515157428,0xe2a35d9ff179377a0c0a9b80171be3eae03bb6cc72be94e946850d0890571878,0xfbb1b73c4f0bda4f67dca266ce6ef42f520fbb98,0x7071f121c038a98f8a7d485648a27fcd48891ba8,0,0,call,0x,61.86365672,None
4858480,1515160954,0x1907e24c1921c54ec32de1bb8096698e3e44a29b3a6bc32e42cb75a0092153d8,0xfbb1b73c4f0bda4f67dca266ce6ef42f520fbb98,0x7071f121c038a98f8a7d485648a27fcd48891ba8,0,0,call,0x,170.68860762,None
4858702,1515164603,0x9d50ef3f3c9ffb3132ba092fbf71baf7c96a374f61223dcd9d1e5854f1d63db9,0xfbb1b73c4f0bda4f67dca266ce6ef42f520fbb98,0x7071f121c038a98f8a7d485648a27fcd48891ba8,0,0,call,0x,285.62183526,None
4858938,1515168196,0xec623513208da046626c92a449c8edf2c5f7c641f5350311e9fcdc170644542f,0xfbb1b73c4f0bda4f67dca266ce6ef42f520fbb98,0x7071f121c038a98f8a7d485648a27fcd48891ba8,0,0,call,0x,150.79772465,None
4859150,1515171787,0x0d57b46cccf37b83029178ef6b28f91adc8bfaddc3ca39930a6ee12dc4c6d209,0xfbb1b73c4f0bda4f67dca266ce6ef42f520fbb98,0x7071f121c038a98f8a7d485648a27fcd48891ba8,0,0,call,0x,182.9506028,None
4859388,1515175430,0x60d2926c848ce9548c3113e2c1cdff0958cad5839f3fe07103d057d010fd7bcc,0xfbb1b73c4f0bda4f67dca266ce6ef42f520fbb98,0x7071f121c038a98f8a7d485648a27fcd48891ba8,0,0,call,0x,219.28964461,None
4859609,1515179005,0xc7e6f445820c950cd2d58f557dbc29be3508bfc9970e2ae1aa034cad33ab431a,0xfbb1b73c4f0bda4f67dca266ce6ef42f520fbb98,0x7071f121c038a98f8a7d485648a27fcd48891ba8,0,0,call,0x,170.37432947,None
4859826,1515182585,0x4f0c4476f746d91493cb50e4222bcfdf2b64e971ccfe111f1a85f0977e5b0e85,0xfbb1b73c4f0bda4f67dca266ce6ef42f520fbb98,0x7071f121c038a98f8a7d485648a27fcd48891ba8,0,0,call,0x,156.62868518000005,None
4860038,1515186161,0x99d17b0b1e7a036022b2a2d7c63943d5759a682d60c00e1a92d8690adc170cf1,0xfbb1b73c4f0bda4f67dca266ce6ef42f520fbb98,0x7071f121c038a98f8a7d485648a27fcd48891ba8,0,0,call,0x,124.24903582,None
4860282,1515190074,0xbd4e81a1b9a2bf577429bd56dcbfeaa4b3ee912491904b9840774f02c3726528,0xfbb1b73c4f0bda4f67dca266ce6ef42f520fbb98,0x7071f121c038a98f8a7d485648a27fcd48891ba8,0,0,call,0x,96.93836937,None
4860546,1515194383,0xc9020c5a54e572945d9121d4422d53718038019bb226f4ff4b7835ee62f05d62,0xfbb1b73c4f0bda4f67dca266ce6ef42f520fbb98,0x7071f121c038a98f8a7d485648a27fcd48891ba8,0,0,call,0x,97.47091725,None
4860821,1515199061,0x280d0ba90521a82a166a9acd19a20be75d497fd3312750c5ef7fe0be1edf76b5,0xfbb1b73c4f0bda4f67dca266ce6ef42f520fbb98,0x7071f121c038a98f8a7d485648a27fcd48891ba8,0,0,call,0x,90.60316084,None
4860927,1515200640,0xed369c75c636d60fb8f36acb3d222703c2142e8e799a42c517fec88eb58dde66,0xfbb1b73c4f0bda4f67dca266ce6ef42f520fbb98,0x7071f121c038a98f8a7d485648a27fcd48891ba8,0,0,call,0x,59.41453317000001,None
4861368,1515207696,0x28c5980ba3a3e3784d085713eacafd0d078f1f53a70dad4acd3a383a32e99cca,0xfbb1b73c4f0bda4f67dca266ce6ef42f520fbb98,0x7071f121c038a98f8a7d485648a27fcd48891ba8,0,0,call,0x,48.01998768,None
4861807,1515214968,0x1323a21de934bb3870ec4a98d3630dc93bec8b869dd2377ac524c63423fefc2a,0xfbb1b73c4f0bda4f67dca266ce6ef42f520fbb98,0x7071f121c038a98f8a7d485648a27fcd48891ba8,0,0,call,0x,45.79245824,None
4862485,1515225807,0x4d9be6df65b76c2058a83983caf7f3db6badf2d2be300647f52474074d1ee397,0xfbb1b73c4f0bda4f67dca266ce6ef42f520fbb98,0x7071f121c038a98f8a7d485648a27fcd48891ba8,0,0,call,0x,30.41506972,None
4862694,1515229344,0x12c8956c7e6994a84da1ea15825768cc3b349224a65208d141845b24ac72a81c,0xfbb1b73c4f0bda4f67dca266ce6ef42f520fbb98,0x7071f121c038a98f8a7d485648a27fcd48891ba8,0,0,call,0x,90.13797135,None
4862949,1515232981,0xc104c20cf90ea4b884614e0ea90b7568374557ec49d160e74d54b8f0c576f73f,0xfbb1b73c4f0bda4f67dca266ce6ef42f520fbb98,0x7071f121c038a98f8a7d485648a27fcd48891ba8,0,0,call,0x,63.31292857,None
4863185,1515236583,0x9f1d7602d878b3fcd842a720be448328a6e3214013c80da87bd964daff6cadb4,0xfbb1b73c4f0bda4f67dca266ce6ef42f520fbb98,0x7071f121c038a98f8a7d485648a27fcd48891ba8,0,0,call,0x,58.40255973,None
4863398,1515240190,0x1b67ee6e99c7f09c7f84858b5eb6420b060894281c75c7a09514b1dcf7e16680,0xfbb1b73c4f0bda4f67dca266ce6ef42f520fbb98,0x7071f121c038a98f8a7d485648a27fcd48891ba8,0,0,call,0x,83.94156848,None
4863600,1515243866,0xacd211401f5ecd31d84aa3a4f5d384c3f4c2a753bb60d2f9148dcb5e10fc25cc,0xfbb1b73c4f0bda4f67dca266ce6ef42f520fbb98,0x7071f121c038a98f8a7d485648a27fcd48891ba8,0,0,call,0x,62.56691989,None
4863826,1515247389,0x983f448fb74a337e5f33ce1ac49ca2af83fd148af0908364036eab4be608ae84,0xfbb1b73c4f0bda4f67dca266ce6ef42f520fbb98,0x7071f121c038a98f8a7d485648a27fcd48891ba8,0,0,call,0x,71.55429564,None
4864082,1515250994,0x4d5c85ace04a4d67bd3ec005895803ecd47ff3e182f8ca8d3ae8b6ab4b5c6f4c,0xfbb1b73c4f0bda4f67dca266ce6ef42f520fbb98,0x7071f121c038a98f8a7d485648a27fcd48891ba8,0,0,call,0x,73.69704397000002,None
4864304,1515254547,0x0c4b01682523c51d41fa1cbf103278c1049ce8da7048e7cd569936c890608dd5,0xfbb1b73c4f0bda4f67dca266ce6ef42f520fbb98,0x7071f121c038a98f8a7d485648a27fcd48891ba8,0,0,call,0x,86.41132203,None
4864536,1515258130,0x04fa7c0f3f574dd5295de4664d81402d970dbf8ca43dca661fa7799cb078a302,0xfbb1b73c4f0bda4f67dca266ce6ef42f520fbb98,0x7071f121c038a98f8a7d485648a27fcd48891ba8,0,0,call,0x,52.71920459,None
4864793,1515262138,0x172eeb787c3ca86ac3a8f83da4fdddc3fa95339547f7fd089e5f67f36c7e0d85,0xfbb1b73c4f0bda4f67dca266ce6ef42f520fbb98,0x7071f121c038a98f8a7d485648a27fcd48891ba8,0,0,call,0x,27.36428515,None
4864991,1515265361,0x6c409e6d434919e6478cafa1623312615e0b2509760bf4cb66fca249e60962c1,0xfbb1b73c4f0bda4f67dca266ce6ef42f520fbb98,0x7071f121c038a98f8a7d485648a27fcd48891ba8,0,0,call,0x,65.46318763,None
4865212,1515268957,0xb44c234e1f845f0767a35afd40cb00947eb5c8f3e21230fdb1e0e04a65e4fb01,0xfbb1b73c4f0bda4f67dca266ce6ef42f520fbb98,0x7071f121c038a98f8a7d485648a27fcd48891ba8,0,0,call,0x,328.28782473,None
4866123,1515283349,0xbe0d0364c55792ebc160452905d3aa56e7a6f05eb59e7af432576f03a6eed682,0xfbb1b73c4f0bda4f67dca266ce6ef42f520fbb98,0x7071f121c038a98f8a7d485648a27fcd48891ba8,0,0,call,0x,107.79586926,None
4866331,1515286936,0x5ca65e914ea1c092c60fda048b803b10df9a2a0b3b8d9d54117e426bebeead5d,0xfbb1b73c4f0bda4f67dca266ce6ef42f520fbb98,0x7071f121c038a98f8a7d485648a27fcd48891ba8,0,0,call,0x,49.90690109000001,None
4866782,1515294138,0xef4d79e1f2bb0fe538c32ed8adae395af9d9e8d38c27496527bb44bd45426f44,0xfbb1b73c4f0bda4f67dca266ce6ef42f520fbb98,0x7071f121c038a98f8a7d485648a27fcd48891ba8,0,0,call,0x,25.76616836,None
4868175,1515315800,0x33fec47fb31d911db3442e591afd0025d94b06014f3a4845e986b99d8d147c93,0xfbb1b73c4f0bda4f67dca266ce6ef42f520fbb98,0x7071f121c038a98f8a7d485648a27fcd48891ba8,0,0,call,0x,60.49503106,None
4868642,1515323043,0xa25c0f0ad51f6a113907fdece18a606692c0157d948c4bf89a42b14d3bb527be,0xfbb1b73c4f0bda4f67dca266ce6ef42f520fbb98,0x7071f121c038a98f8a7d485648a27fcd48891ba8,0,0,call,0x,53.04558521,None
4868841,1515326610,0x289826002d7c82e9839906a5b5ecbfc2ac43f1e6b05fcc05bfea80163072db1f,0xfbb1b73c4f0bda4f67dca266ce6ef42f520fbb98,0x7071f121c038a98f8a7d485648a27fcd48891ba8,0,0,call,0x,48.06152278,None
4869069,1515330165,0x727a6c6005ccd0340ff5d794592113867ec8b2c9d14b0b66eece03b5b8d2141c,0xfbb1b73c4f0bda4f67dca266ce6ef42f520fbb98,0x7071f121c038a98f8a7d485648a27fcd48891ba8,0,0,call,0x,32.51103271,None
4869305,1515333806,0xe4114b3610ce6e2c3a228623ac47a500bb5bbb0a1580f6ec6689b1d7caa56150,0xfbb1b73c4f0bda4f67dca266ce6ef42f520fbb98,0x7071f121c038a98f8a7d485648a27fcd48891ba8,0,0,call,0x,60.4110111,None
4869537,1515337378,0xfcc28ca2a1c6dcae0b8157d5de01a1e60a06d13d2dd342dc568b454f8c6a49d0,0xfbb1b73c4f0bda4f67dca266ce6ef42f520fbb98,0x7071f121c038a98f8a7d485648a27fcd48891ba8,0,0,call,0x,64.1970113,None
4869588,1515338151,0xa6593692ee2b029c62eb8152280afe72f7ab439fd50967d80fdf518a85258956,0xfbb1b73c4f0bda4f67dca266ce6ef42f520fbb98,0x7071f121c038a98f8a7d485648a27fcd48891ba8,0,0,call,0x,39.71197727,None
4869619,1515338668,0x0764928e8cc4527ebec4b5bd6d009f7d2b64e4c1750fa2b1c1be9aece315869f,0xfbb1b73c4f0bda4f67dca266ce6ef42f520fbb98,0x7071f121c038a98f8a7d485648a27fcd48891ba8,0,0,call,0x,29.61806415,None
4873975,1515406745,0x0fc93cbd852ae9b30456b156ae4fdfbdb6b9df659d260b2abf62c56dae731656,0xfbb1b73c4f0bda4f67dca266ce6ef42f520fbb98,0x7071f121c038a98f8a7d485648a27fcd48891ba8,0,0,call,0x,74.07656389,None
4876164,1515441707,0x6fdc7338642b8d033c7aaae075edd9a24478d3d2f071c64f346182141ddd9eff,0xfbb1b73c4f0bda4f67dca266ce6ef42f520fbb98,0x7071f121c038a98f8a7d485648a27fcd48891ba8,0,0,call,0x,667.66261895,None
4876213,1515442403,0x5b72953b56cdfa3eb654e22c97695719e9775d009169677cbe189315b745c715,0xfbb1b73c4f0bda4f67dca266ce6ef42f520fbb98,0x7071f121c038a98f8a7d485648a27fcd48891ba8,0,0,call,0x,34.71874016,None
4876351,1515444546,0x74b0c3f7c622dbdd211cd7d6a19cab6440274ec5d3fdad7acd4d7af284ef996e,0xfbb1b73c4f0bda4f67dca266ce6ef42f520fbb98,0x7071f121c038a98f8a7d485648a27fcd48891ba8,0,0,call,0x,66.31788034,None
4876578,1515448503,0x73ae1044eda2de5763256181a6773d7ec998f9890859289dbfb3fd9a5e122e20,0xfbb1b73c4f0bda4f67dca266ce6ef42f520fbb98,0x7071f121c038a98f8a7d485648a27fcd48891ba8,0,0,call,0x,67.75902741,None
4876612,1515449054,0x04791294819993a875376ab43344522dcbcf602dbadaa8592a2fd9c4f3a3b842,0xfbb1b73c4f0bda4f67dca266ce6ef42f520fbb98,0x7071f121c038a98f8a7d485648a27fcd48891ba8,0,0,call,0x,52.86321084,None
4876876,1515453019,0x4284f97c1d9402580b5caa432d40d71d30c1d5c66e22cce678ff75b2b7e01a1e,0xfbb1b73c4f0bda4f67dca266ce6ef42f520fbb98,0x7071f121c038a98f8a7d485648a27fcd48891ba8,0,0,call,0x,28.48251457,None
4880502,1515511326,0x8bbd301fd4d7c18474472af8b9a46dabce9286a9ac6f48802a6b3d7df9f9be6e,0xfbb1b73c4f0bda4f67dca266ce6ef42f520fbb98,0x7071f121c038a98f8a7d485648a27fcd48891ba8,0,0,call,0x,24.44290513,None
4881024,1515519617,0x1b7b3228e9b27cc53da9d7ced9e712d21c1d4061d2b425b3e54b4fd1ac30189a,0xfbb1b73c4f0bda4f67dca266ce6ef42f520fbb98,0x7071f121c038a98f8a7d485648a27fcd48891ba8,0,0,call,0x,443.46046921,None
4881234,1515523006,0x451f6ea87731cc9a1ce403da62d670acdf41b28a018cf7caf98bfe7ae200931a,0xfbb1b73c4f0bda4f67dca266ce6ef42f520fbb98,0x7071f121c038a98f8a7d485648a27fcd48891ba8,0,0,call,0x,44.711669410000006,None
4881336,1515524574,0xe4ac863dd06940cfd39f0eea5a1215a5d73faa1dd4c2d0c6d561592b26acf71b,0xfbb1b73c4f0bda4f67dca266ce6ef42f520fbb98,0x7071f121c038a98f8a7d485648a27fcd48891ba8,0,0,call,0x,62.35779077,None
4882055,1515536041,0x17d37d59977679f3d785c870bf81f40eabb07d0f9f36c1d5f21aabb894081f75,0xfbb1b73c4f0bda4f67dca266ce6ef42f520fbb98,0x7071f121c038a98f8a7d485648a27fcd48891ba8,0,0,call,0x,185.38780114,None
4882152,1515537619,0xd3360a3dda4132307883eaff8299d60f3885ebeb5515aab009d7286e09154e6a,0xfbb1b73c4f0bda4f67dca266ce6ef42f520fbb98,0x7071f121c038a98f8a7d485648a27fcd48891ba8,0,0,call,0x,105.98991303,None
4882791,1515548139,0xf2b2ac0a50974714882cc81b68fe69569e6b99ee3aa402fae2586ee850c3a309,0xfbb1b73c4f0bda4f67dca266ce6ef42f520fbb98,0x7071f121c038a98f8a7d485648a27fcd48891ba8,0,0,call,0x,87.16633128,None
4882811,1515548435,0xf87af5b1e69dcd40c921235408a341fb9e2ea54f1c06126ed0a48603f25c0b60,0xfbb1b73c4f0bda4f67dca266ce6ef42f520fbb98,0x7071f121c038a98f8a7d485648a27fcd48891ba8,0,0,call,0x,131.51997509999998,None
4885829,1515596646,0x9ce8dd84d3fdcb23bcba3cdbf51673b9800c3596c169bf16549bed24ca40202e,0xfbb1b73c4f0bda4f67dca266ce6ef42f520fbb98,0x7071f121c038a98f8a7d485648a27fcd48891ba8,0,0,call,0x,84.49057857000003,None
4886053,1515600267,0x26391d013c58bc95b94bbcbec53150bb1ecbd2c2e39c782cb4d99f2352e9f36e,0xfbb1b73c4f0bda4f67dca266ce6ef42f520fbb98,0x7071f121c038a98f8a7d485648a27fcd48891ba8,0,0,call,0x,101.37218581,None
4886308,1515604244,0x046915dced35c8ecf09ecdb1a74d0401e58e805a3657bf61dc586f415190bfce,0xfbb1b73c4f0bda4f67dca266ce6ef42f520fbb98,0x7071f121c038a98f8a7d485648a27fcd48891ba8,0,0,call,0x,72.89737994,None
4886504,1515607319,0x2fd93b173b703594e241a84256585e49778daae39bd0a8f9df2cca023947a4d0,0xfbb1b73c4f0bda4f67dca266ce6ef42f520fbb98,0x7071f121c038a98f8a7d485648a27fcd48891ba8,0,0,call,0x,69.19035749999999,None
4886753,1515611295,0x8e92fdf144cba40aa6790d69766a15b191cbba9b06df0e416260cd6891422d0e,0xfbb1b73c4f0bda4f67dca266ce6ef42f520fbb98,0x7071f121c038a98f8a7d485648a27fcd48891ba8,0,0,call,0x,78.64707692,None
4886966,1515614551,0x98d9e97256ed4ce22593a16502d0827c2d3c0f7b6166b1ba0bc9053eda6d2e23,0xfbb1b73c4f0bda4f67dca266ce6ef42f520fbb98,0x7071f121c038a98f8a7d485648a27fcd48891ba8,0,0,call,0x,156.73633453,None
4887189,1515618186,0x5298dd9a74ef0ab5c83b5804684e977a26dbde428bba061b54fadc4031f83c75,0xfbb1b73c4f0bda4f67dca266ce6ef42f520fbb98,0x7071f121c038a98f8a7d485648a27fcd48891ba8,0,0,call,0x,95.26666327,None
4887413,1515621824,0x21aa9577afd7f6ec35da20958a4d038d248940b2f9ecdfb5be6315a6bd70f041,0xfbb1b73c4f0bda4f67dca266ce6ef42f520fbb98,0x7071f121c038a98f8a7d485648a27fcd48891ba8,0,0,call,0x,105.35318074,None
4887643,1515625376,0x709881446f387e6b7396eafa91f36fa74d1d3920294e381b0e8a8e2302cab1f1,0xfbb1b73c4f0bda4f67dca266ce6ef42f520fbb98,0x7071f121c038a98f8a7d485648a27fcd48891ba8,0,0,call,0x,47.41187772000001,None
4887853,1515628977,0x791ba430a0b11ff94bd09fa1819c8eb8b3920a87364978b04eec2acb40d7070d,0xfbb1b73c4f0bda4f67dca266ce6ef42f520fbb98,0x7071f121c038a98f8a7d485648a27fcd48891ba8,0,0,call,0x,58.09393279,None
4888078,1515632575,0x581422d65faea879a01a5d76e0e9faa6913b1bf2f8f63e4bb2c86d42ef47d419,0xfbb1b73c4f0bda4f67dca266ce6ef42f520fbb98,0x7071f121c038a98f8a7d485648a27fcd48891ba8,0,0,call,0x,33.07865299,None
4891671,1515690197,0xe8af09f6bcf4f6c5e45b0036fa47b99615fac6ac84088a807bd16b501468fb18,0xfbb1b73c4f0bda4f67dca266ce6ef42f520fbb98,0x7071f121c038a98f8a7d485648a27fcd48891ba8,0,0,call,0x,30.07854837,None
4891903,1515693838,0x700031e18890df54e6d3b23c40c2d516394f42205c51f82f3ca1f9502fb42548,0xfbb1b73c4f0bda4f67dca266ce6ef42f520fbb98,0x7071f121c038a98f8a7d485648a27fcd48891ba8,0,0,call,0x,141.58927225,None
4892127,1515697365,0xcdbd098f1b4a9afebb3117b2d01cfd75b02252004eb3e0832a12b4aea80dba46,0xfbb1b73c4f0bda4f67dca266ce6ef42f520fbb98,0x7071f121c038a98f8a7d485648a27fcd48891ba8,0,0,call,0x,102.10196231,None
4892814,1515708151,0x4823bdc69ab2a92e4172e954f5e16bb9d530bd4e38617628051f51f97b8bfa0b,0xfbb1b73c4f0bda4f67dca266ce6ef42f520fbb98,0x7071f121c038a98f8a7d485648a27fcd48891ba8,0,0,call,0x,54.64919227,None
4895733,1515754933,0x658498c32dd498cc42f439a343d878c3ca7c7d427278c86e838d53964cd78f91,0xfbb1b73c4f0bda4f67dca266ce6ef42f520fbb98,0x7071f121c038a98f8a7d485648a27fcd48891ba8,0,0,call,0x,185.51444403,None
4895962,1515758556,0x2a30526e8e7f5dbdd80015f991fbc201c483d261c3f7afbec84c1935a4541703,0xfbb1b73c4f0bda4f67dca266ce6ef42f520fbb98,0x7071f121c038a98f8a7d485648a27fcd48891ba8,0,0,call,0x,82.14707641,None
4896179,1515762219,0x9d93bde065763cf0281ffc5375f0a05e964833069ef1dcec5137cfc795498be0,0xfbb1b73c4f0bda4f67dca266ce6ef42f520fbb98,0x7071f121c038a98f8a7d485648a27fcd48891ba8,0,0,call,0x,91.00065641,None
4896391,1515765802,0x5b0186bd968d9ad4e6fe4406e5e1bdbd5ce78ebd927a4a14db85dd9024b61a38,0xfbb1b73c4f0bda4f67dca266ce6ef42f520fbb98,0x7071f121c038a98f8a7d485648a27fcd48891ba8,0,0,call,0x,38.55670379,None
4896623,1515769405,0x37d045ff4e0a5a594d40ceb69abdcaab660572d39868cf7b491e91edf1f0be68,0xfbb1b73c4f0bda4f67dca266ce6ef42f520fbb98,0x7071f121c038a98f8a7d485648a27fcd48891ba8,0,0,call,0x,105.56211509,None
4896842,1515772986,0x6084af06358e8f40f3d559d0afc1f7a63a966a0fd58c9c895fb0e2e3ca8cd232,0xfbb1b73c4f0bda4f67dca266ce6ef42f520fbb98,0x7071f121c038a98f8a7d485648a27fcd48891ba8,0,0,call,0x,145.19050273000005,None
4897066,1515776508,0x458613ed775a65dfefafe1a203205b35c8984c18d7c716213d9381d4ff712cfb,0xfbb1b73c4f0bda4f67dca266ce6ef42f520fbb98,0x7071f121c038a98f8a7d485648a27fcd48891ba8,0,0,call,0x,89.2764142,None
4897297,1515780077,0x7fe36ba471671762df9049a5973b1d42acdf6d690685716ddd7fdbd3ba8236cc,0xfbb1b73c4f0bda4f67dca266ce6ef42f520fbb98,0x7071f121c038a98f8a7d485648a27fcd48891ba8,0,0,call,0x,62.53075394,None
4897528,1515783745,0xaa222e6a659fdb3ea02b999a8984c57e142b8e2ce8b98e1ccb95daf5f1f28d20,0xfbb1b73c4f0bda4f67dca266ce6ef42f520fbb98,0x7071f121c038a98f8a7d485648a27fcd48891ba8,0,0,call,0x,68.46612754,None
4897985,1515790910,0xc2d1fd4d7e9e960b1da003bc34f1b4b2d8245bb877511d32dbd019c9a4160407,0xfbb1b73c4f0bda4f67dca266ce6ef42f520fbb98,0x7071f121c038a98f8a7d485648a27fcd48891ba8,0,0,call,0x,76.87077776,None
4898226,1515794541,0xae7990e04ce3b85328ff4f4f3a83bb985b6b96f8b014ecc455f14c071f1d9089,0xfbb1b73c4f0bda4f67dca266ce6ef42f520fbb98,0x7071f121c038a98f8a7d485648a27fcd48891ba8,0,0,call,0x,73.20062571,None
4898465,1515798144,0xd7e210eb39eed5967fbda9776d4b2a0ac5cd37c21be700191b6450c66f3ab3fc,0xfbb1b73c4f0bda4f67dca266ce6ef42f520fbb98,0x7071f121c038a98f8a7d485648a27fcd48891ba8,0,0,call,0x,31.2705104,None
4898699,1515801759,0xead8dafd3fc36597203e92da5e8a3f6ece383cea263c07a39cb1d965e75e2f99,0xfbb1b73c4f0bda4f67dca266ce6ef42f520fbb98,0x7071f121c038a98f8a7d485648a27fcd48891ba8,0,0,call,0x,54.09419862,None
4898929,1515805377,0x781720852c62a73887cec7477be6e2e2e79cbee0d8ad36a59e8b972fdf28fa98,0xfbb1b73c4f0bda4f67dca266ce6ef42f520fbb98,0x7071f121c038a98f8a7d485648a27fcd48891ba8,0,0,call,0x,45.43414595,None
4899140,1515808923,0x1278c7c712a258133dea84e842daf54cf4cbdca46c39d3863bc7c8e41cd4d08b,0xfbb1b73c4f0bda4f67dca266ce6ef42f520fbb98,0x7071f121c038a98f8a7d485648a27fcd48891ba8,0,0,call,0x,29.07638193,None
4899814,1515819701,0x081ce215cc20c273f47826a4a87022eb4a126266d3c2c14106ef12de83a70617,0xfbb1b73c4f0bda4f67dca266ce6ef42f520fbb98,0x7071f121c038a98f8a7d485648a27fcd48891ba8,0,0,call,0x,30.70670849,None
4900277,1515827026,0x6786aaa489b30c9cfd3440dea8125a563450708b4cec40b5dc3b85e7afc44124,0xfbb1b73c4f0bda4f67dca266ce6ef42f520fbb98,0x7071f121c038a98f8a7d485648a27fcd48891ba8,0,0,call,0x,40.81070913,None
4900497,1515830621,0xa4e959b7515801b45921eddcc65e3479f449289168a17168ed4868bd2ecddc19,0xfbb1b73c4f0bda4f67dca266ce6ef42f520fbb98,0x7071f121c038a98f8a7d485648a27fcd48891ba8,0,0,call,0x,47.71783997,None
4900708,1515834138,0x61782fa71bc8b32d22c88dd93c60612de0a316714963fdd09fa0f9f49447c7d7,0xfbb1b73c4f0bda4f67dca266ce6ef42f520fbb98,0x7071f121c038a98f8a7d485648a27fcd48891ba8,0,0,call,0x,77.39625575,None
4900948,1515837716,0x62c87cec7763ab5188cb5ae727132fae42142ab19bc75052ebc68254570c566a,0xfbb1b73c4f0bda4f67dca266ce6ef42f520fbb98,0x7071f121c038a98f8a7d485648a27fcd48891ba8,0,0,call,0x,31.76578125,None
4901668,1515848636,0x3a4fde0103ddbf561eb339461b39419b881718cecfbcc348f39633838a3f1c2c,0xfbb1b73c4f0bda4f67dca266ce6ef42f520fbb98,0x7071f121c038a98f8a7d485648a27fcd48891ba8,0,0,call,0x,86.75187262,None
4901907,1515852175,0x77487b3ac173ec91ce067c009bb40038021148c20942133aa0520f947ca42a8e,0xfbb1b73c4f0bda4f67dca266ce6ef42f520fbb98,0x7071f121c038a98f8a7d485648a27fcd48891ba8,0,0,call,0x,56.3710277,None
4902118,1515855798,0x56ebe3ab530ae0177a6ebbcf56a272d538b2c01aa2fe2ee2ea073e4f8d19040b,0xfbb1b73c4f0bda4f67dca266ce6ef42f520fbb98,0x7071f121c038a98f8a7d485648a27fcd48891ba8,0,0,call,0x,47.86197008,None
4902767,1515866607,0x37ee85cec3f2521b4d071f5b7f1a0d7bd3c8ceb461d80b342b1aa11718c7017c,0xfbb1b73c4f0bda4f67dca266ce6ef42f520fbb98,0x7071f121c038a98f8a7d485648a27fcd48891ba8,0,0,call,0x,178.54940194000002,None
4903891,1515884635,0xbd76ab608d8a6fbc27fb9dc5fc049a9ee37dc80f2802dff5e38350fa559417b0,0xfbb1b73c4f0bda4f67dca266ce6ef42f520fbb98,0x7071f121c038a98f8a7d485648a27fcd48891ba8,0,0,call,0x,29.71027296,None
4904160,1515889095,0x5cb049e8c2e10aabe5f182b364d5c98b05c8779fca32db1790cfb7f47350b1c7,0xfbb1b73c4f0bda4f67dca266ce6ef42f520fbb98,0x7071f121c038a98f8a7d485648a27fcd48891ba8,0,0,call,0x,44.58555609,None
4904349,1515891768,0xd201007e66228ba1a5bdc7b9befe9657c1adccf263d71f1d89298594f51f0a23,0xfbb1b73c4f0bda4f67dca266ce6ef42f520fbb98,0x7071f121c038a98f8a7d485648a27fcd48891ba8,0,0,call,0x,49.62566414000001,None
4905507,1515909719,0xd35adb305b563fb4a5a919f7de400721dc1f60dd9e3b74403b691c4dbfc8e942,0xfbb1b73c4f0bda4f67dca266ce6ef42f520fbb98,0x7071f121c038a98f8a7d485648a27fcd48891ba8,0,0,call,0x,43.61998458,None
4905967,1515916968,0xa9ddd81855846c4b0945cba9db44c44f6ba61763644679e5e719d9f337f5c37c,0xfbb1b73c4f0bda4f67dca266ce6ef42f520fbb98,0x7071f121c038a98f8a7d485648a27fcd48891ba8,0,0,call,0x,32.64025196,None
4906212,1515920494,0x2eef387d844b60a9cd4461d39e8c158afe29a01e16d6b088aea791e922a410e4,0xfbb1b73c4f0bda4f67dca266ce6ef42f520fbb98,0x7071f121c038a98f8a7d485648a27fcd48891ba8,0,0,call,0x,53.06716687,None
4906452,1515924123,0x1bc3e93a84b5c0fca3daa91554d96b3f3ccbf15fc06c10486477d886730d4937,0xfbb1b73c4f0bda4f67dca266ce6ef42f520fbb98,0x7071f121c038a98f8a7d485648a27fcd48891ba8,0,0,call,0x,39.15433177,None
4906697,1515927725,0xedb0ed549062bc5a06ad35b0300439fae3eda84d9be49816fa7eacc491c88742,0xfbb1b73c4f0bda4f67dca266ce6ef42f520fbb98,0x7071f121c038a98f8a7d485648a27fcd48891ba8,0,0,call,0x,26.64696485,None
4906906,1515931343,0x288b03fc634d54756709ac1f82153cb779e34d4d4c0e08906c9d3ab0f51ba7d0,0xfbb1b73c4f0bda4f67dca266ce6ef42f520fbb98,0x7071f121c038a98f8a7d485648a27fcd48891ba8,0,0,call,0x,43.75346338,None
4908330,1515953098,0xdce00d5333afbf72b941d2f400c3c1963d69010c7e03cf035ddf4485163ce90f,0xfbb1b73c4f0bda4f67dca266ce6ef42f520fbb98,0x7071f121c038a98f8a7d485648a27fcd48891ba8,0,0,call,0x,26.33067805,None
4908560,1515956575,0x958edb3f3fb88359a27df3873a7bc958db26b0cc0e04c8b80de2b1fdef94d710,0xfbb1b73c4f0bda4f67dca266ce6ef42f520fbb98,0x7071f121c038a98f8a7d485648a27fcd48891ba8,0,0,call,0x,64.17276401,None
4909022,1515963750,0x8645239794b337957dcb2209f6319a47749b4dbf38f367def8727a4a0d4dffea,0xfbb1b73c4f0bda4f67dca266ce6ef42f520fbb98,0x7071f121c038a98f8a7d485648a27fcd48891ba8,0,0,call,0x,131.39177263,None
4909251,1515967448,0xcad87ab528adaac3d05b3cbe7041880e6ec0a308275db006ee7eec99ac68d7fe,0xfbb1b73c4f0bda4f67dca266ce6ef42f520fbb98,0x7071f121c038a98f8a7d485648a27fcd48891ba8,0,0,call,0x,71.89711892,None
4909506,1515970943,0xff7dd8efe1b5907bccd19575a3e1103bdfbcf794be1c60070700ba1cb69bed8d,0xfbb1b73c4f0bda4f67dca266ce6ef42f520fbb98,0x7071f121c038a98f8a7d485648a27fcd48891ba8,0,0,call,0x,55.26201841,None
4909716,1515974555,0x1812cd5f9c6c0671c3bc12f6ba5fe93a0e8e1c0350895b5ea3bf680ceed3919e,0xfbb1b73c4f0bda4f67dca266ce6ef42f520fbb98,0x7071f121c038a98f8a7d485648a27fcd48891ba8,0,0,call,0x,38.06634962,None
4910175,1515981792,0x7454ffa1081639eed881111c1f3d767177f2424627155b86c9b33c27dba16c94,0xfbb1b73c4f0bda4f67dca266ce6ef42f520fbb98,0x7071f121c038a98f8a7d485648a27fcd48891ba8,0,0,call,0x,23.50122395,None
4911759,1516007036,0x263ee3ee518ae1f913fac0a407ccfc9ad3b072a737df0c235637c199f6929b3f,0xfbb1b73c4f0bda4f67dca266ce6ef42f520fbb98,0x7071f121c038a98f8a7d485648a27fcd48891ba8,0,0,call,0x,33.31445076,None
4911984,1516010635,0xd57c1b62c45c16f3478e47617921f83984ee427fd7f8405f01416b74bb838adf,0xfbb1b73c4f0bda4f67dca266ce6ef42f520fbb98,0x7071f121c038a98f8a7d485648a27fcd48891ba8,0,0,call,0x,41.57647638,None
4912205,1516014146,0x8aaa1a52f8fb72c5741c3efe6fe4e8570de277d15991bd6c03b5c928f47b4a68,0xfbb1b73c4f0bda4f67dca266ce6ef42f520fbb98,0x7071f121c038a98f8a7d485648a27fcd48891ba8,0,0,call,0x,28.762406700000003,None
4912429,1516017736,0x6fcb62fe692d6fe6c47c78e00bc3067f6c61868e67a997af6ad9178dedbe2250,0xfbb1b73c4f0bda4f67dca266ce6ef42f520fbb98,0x7071f121c038a98f8a7d485648a27fcd48891ba8,0,0,call,0x,47.43561766000001,None
4912679,1516021500,0x79e6fbec44c95e17edf1be20cdb76b7bf7643691e857c662f85f433133bf08f7,0xfbb1b73c4f0bda4f67dca266ce6ef42f520fbb98,0x7071f121c038a98f8a7d485648a27fcd48891ba8,0,0,call,0x,157.52445497000005,None
4912890,1516025027,0xeee45affa1817c71957f826bb24ce73e4c7f12090cfd41dc2add3990437939ad,0xfbb1b73c4f0bda4f67dca266ce6ef42f520fbb98,0x7071f121c038a98f8a7d485648a27fcd48891ba8,0,0,call,0x,79.49717618,None
4913105,1516028601,0x2ae0dc222e57660eebae1b9aeec557b608ded42bbb5ea9a3aad3163edee5699c,0xfbb1b73c4f0bda4f67dca266ce6ef42f520fbb98,0x7071f121c038a98f8a7d485648a27fcd48891ba8,0,0,call,0x,78.02200017999998,None
4913314,1516032184,0x04dc62f5fe92d5f4b08f1ae297200affe3a3e991242b8fdad859e5310eb31729,0xfbb1b73c4f0bda4f67dca266ce6ef42f520fbb98,0x7071f121c038a98f8a7d485648a27fcd48891ba8,0,0,call,0x,42.36425184,None
4913528,1516035725,0x6ea1ea04aced590076fe0053aeec0f67eb8ac45efaf5273f77e194abf3318ebb,0xfbb1b73c4f0bda4f67dca266ce6ef42f520fbb98,0x7071f121c038a98f8a7d485648a27fcd48891ba8,0,0,call,0x,103.34610458,None
4913757,1516039315,0x410195ea68e0bf80649752fd1ad818f08a8e8938bc0d088a6d1a35fb54bfaa1d,0xfbb1b73c4f0bda4f67dca266ce6ef42f520fbb98,0x7071f121c038a98f8a7d485648a27fcd48891ba8,0,0,call,0x,54.63631281,None
4913997,1516042939,0xa6682e67b6abd39ca900b39e0a596cf328ba8a3df984da49837ebc0d979df94d,0xfbb1b73c4f0bda4f67dca266ce6ef42f520fbb98,0x7071f121c038a98f8a7d485648a27fcd48891ba8,0,0,call,0x,79.44502967,None
4914220,1516046614,0x8488634e5a9abc602795192cbf60c338fce2729727f7cf0383c0d328bdb3e60e,0xfbb1b73c4f0bda4f67dca266ce6ef42f520fbb98,0x7071f121c038a98f8a7d485648a27fcd48891ba8,0,0,call,0x,61.732000770000006,None
4914459,1516050119,0xe56aed87d455aa2b69dfd5a0a93158a1b27b6cfd052c38b9f3c325367044a492,0xfbb1b73c4f0bda4f67dca266ce6ef42f520fbb98,0x7071f121c038a98f8a7d485648a27fcd48891ba8,0,0,call,0x,56.29401018,None
4914691,1516053731,0xc3d966a45d6ca6520761f5491aa348f3fef0c20686bf6ea76a07d915966c912c,0xfbb1b73c4f0bda4f67dca266ce6ef42f520fbb98,0x7071f121c038a98f8a7d485648a27fcd48891ba8,0,0,call,0x,53.65943570000001,None
4914913,1516057449,0x5183c0f8e641cb04ad7c5e0851494c9829f6a59fe599367f40be1a72a3453432,0xfbb1b73c4f0bda4f67dca266ce6ef42f520fbb98,0x7071f121c038a98f8a7d485648a27fcd48891ba8,0,0,call,0x,28.92733619,None
4915138,1516061014,0x8bbcf0823a5601a7723a789883e1aa432f5f4c0a1c35bc1c7ed9808ef26e0d94,0xfbb1b73c4f0bda4f67dca266ce6ef42f520fbb98,0x7071f121c038a98f8a7d485648a27fcd48891ba8,0,0,call,0x,34.48276069,None
4915359,1516064525,0xd7f5f553fd384b6513485f7e73be0591ab9c239cae17b4b806de0ef1705c7cad,0xfbb1b73c4f0bda4f67dca266ce6ef42f520fbb98,0x7071f121c038a98f8a7d485648a27fcd48891ba8,0,0,call,0x,47.73691817,None
4915587,1516068167,0x6455d31cb0f5dc22432b171fe82c37232b98c366e86bcc869f67f0c57ae6ed46,0xfbb1b73c4f0bda4f67dca266ce6ef42f520fbb98,0x7071f121c038a98f8a7d485648a27fcd48891ba8,0,0,call,0x,41.75134620000001,None
4915824,1516071758,0xd52aa6139d487fcb10e2d3f5f1184964a99d165feb31d8ec490ee0ad129d9b11,0xfbb1b73c4f0bda4f67dca266ce6ef42f520fbb98,0x7071f121c038a98f8a7d485648a27fcd48891ba8,0,0,call,0x,44.48897764,None
4916555,1516082629,0x32ca301164bbe1561eef86c6d4ca0bc95dacbc0af532ad72186520b766500293,0xfbb1b73c4f0bda4f67dca266ce6ef42f520fbb98,0x7071f121c038a98f8a7d485648a27fcd48891ba8,0,0,call,0x,39.38204689,None
4917919,1516104224,0x3b35b94d0786c0f9da532afc87088d5606ebd3c383e141ada887164e61878176,0xfbb1b73c4f0bda4f67dca266ce6ef42f520fbb98,0x7071f121c038a98f8a7d485648a27fcd48891ba8,0,0,call,0x,366.15533051000006,None
4918162,1516107835,0x63dee5b20796c2d1d3bb46d1e61a78cb962d25409910d39c835d1c12d25bb109,0xfbb1b73c4f0bda4f67dca266ce6ef42f520fbb98,0x7071f121c038a98f8a7d485648a27fcd48891ba8,0,0,call,0x,354.08706619000014,None
4918390,1516111285,0x2a254c147cdb894d92fd365946029b197d8fadd157ee507acaa9bf0f9aceb5b8,0xfbb1b73c4f0bda4f67dca266ce6ef42f520fbb98,0x7071f121c038a98f8a7d485648a27fcd48891ba8,0,0,call,0x,126.66224938,None
4918627,1516115015,0xb1317cc07cf0da75fda68321bc486c1711e288d9557edcc445dc19e0d3fad216,0xfbb1b73c4f0bda4f67dca266ce6ef42f520fbb98,0x7071f121c038a98f8a7d485648a27fcd48891ba8,0,0,call,0x,81.61641539,None
4918833,1516118496,0x451aff770f63c03faf12735fc4a48088b452eef3567529a5e95268d5c362192d,0xfbb1b73c4f0bda4f67dca266ce6ef42f520fbb98,0x7071f121c038a98f8a7d485648a27fcd48891ba8,0,0,call,0x,117.09880909,None
4919045,1516122151,0x3ae135982e7fd0114cf86e115e7bf102a24a500413a6353b8459640efc7a97f5,0xfbb1b73c4f0bda4f67dca266ce6ef42f520fbb98,0x7071f121c038a98f8a7d485648a27fcd48891ba8,0,0,call,0x,107.46070486,None
4919290,1516125753,0xecaac3579dde3f13832a7a7740f6754b08bba2d406ed90e9646d7bddd17115d1,0xfbb1b73c4f0bda4f67dca266ce6ef42f520fbb98,0x7071f121c038a98f8a7d485648a27fcd48891ba8,0,0,call,0x,80.79151762,None
4919982,1516136584,0xe665bb3dccc70564082925db25efa9c887ad1cb5ad612a71486e742965a47860,0xfbb1b73c4f0bda4f67dca266ce6ef42f520fbb98,0x7071f121c038a98f8a7d485648a27fcd48891ba8,0,0,call,0x,97.46478006,None
4924862,1516212177,0x90dd1c00c735d8cb6033689dff1803025d61d0b14700f422513a8decdc8caa1b,0xfbb1b73c4f0bda4f67dca266ce6ef42f520fbb98,0x7071f121c038a98f8a7d485648a27fcd48891ba8,0,0,call,0x,135.89122215,None
4925557,1516223030,0xcb9fffa87fee1a5c31f97cc90d3046d0d996f06e0c0130195720bb0989abdba8,0xfbb1b73c4f0bda4f67dca266ce6ef42f520fbb98,0x7071f121c038a98f8a7d485648a27fcd48891ba8,0,0,call,0x,795.68015688,None
4926240,1516233838,0x4cb833c1b63e81b84e0a7e800b530cfe16355890b10996ffd41f53000710087f,0xfbb1b73c4f0bda4f67dca266ce6ef42f520fbb98,0x7071f121c038a98f8a7d485648a27fcd48891ba8,0,0,call,0x,875.6565775500003,None
4926915,1516244541,0xf29ca37597c844c224d3438f3ba0ce4a277f210221d772734e0f4fd9c86dbfed,0xfbb1b73c4f0bda4f67dca266ce6ef42f520fbb98,0x7071f121c038a98f8a7d485648a27fcd48891ba8,0,0,call,0x,127.69071127,None
4927606,1516255368,0x81c7013b35a2d7a48ce17f71b0bb91500243fbe27518c0844671c8462bd60172,0xfbb1b73c4f0bda4f67dca266ce6ef42f520fbb98,0x7071f121c038a98f8a7d485648a27fcd48891ba8,0,0,call,0x,63.12766976,None
4928280,1516266259,0x77b2360c3eee436a9df606a81f2c7611bc38b3fae7543a57b74402ee4a1b3bd4,0xfbb1b73c4f0bda4f67dca266ce6ef42f520fbb98,0x7071f121c038a98f8a7d485648a27fcd48891ba8,0,0,call,0x,340.1501019800001,None
4929024,1516277076,0x4ca88331e8624c5058182adb68e675125c96a5f6f412db317318f1ee2d45dddc,0xfbb1b73c4f0bda4f67dca266ce6ef42f520fbb98,0x7071f121c038a98f8a7d485648a27fcd48891ba8,0,0,call,0x,344.82466685,None
4929705,1516287734,0xe26dcd5cddb46b32e9defd517c236440fd2b71d5c9bc580e1430e4dff98a7d75,0xfbb1b73c4f0bda4f67dca266ce6ef42f520fbb98,0x7071f121c038a98f8a7d485648a27fcd48891ba8,0,0,call,0x,389.33169982,None
4930403,1516298576,0x654f916af1e2ea9c86d257916d12c14ecf11109a3d12c4269544974e248a3ea2,0xfbb1b73c4f0bda4f67dca266ce6ef42f520fbb98,0x7071f121c038a98f8a7d485648a27fcd48891ba8,0,0,call,0x,512.8022036,None
4931094,1516309432,0x1c2ac397c820a4ee257fcc0450d03e51a1dbc408aa28741e5deee47c4291383b,0xfbb1b73c4f0bda4f67dca266ce6ef42f520fbb98,0x7071f121c038a98f8a7d485648a27fcd48891ba8,0,0,call,0x,379.43462607,None
4931802,1516320114,0xdb03d6dd6895fb534022fb01c6be379e3afcb0a389a7dcfccb0a04a3a0801562,0xfbb1b73c4f0bda4f67dca266ce6ef42f520fbb98,0x7071f121c038a98f8a7d485648a27fcd48891ba8,0,0,call,0x,132.74896696000002,None
4933885,1516352488,0x52fb8f932c201a5e080d256aba4036b1e3bcdcd1706acb70ba6f7f7cbc183816,0xfbb1b73c4f0bda4f67dca266ce6ef42f520fbb98,0x7071f121c038a98f8a7d485648a27fcd48891ba8,0,0,call,0x,85.98876154999998,None
4934637,1516363373,0xd92df00dbd080791677d25ece9ffb5f18051a1b349e90702534feeef0be6a88a,0xfbb1b73c4f0bda4f67dca266ce6ef42f520fbb98,0x7071f121c038a98f8a7d485648a27fcd48891ba8,0,0,call,0x,200.26776274,None
4935342,1516374203,0xc6aa5eaa01d856df7c221e8bb13a760968bfa0a3806ccc7f4d7de54a7d3ada4d,0xfbb1b73c4f0bda4f67dca266ce6ef42f520fbb98,0x7071f121c038a98f8a7d485648a27fcd48891ba8,0,0,call,0x,96.29534823,None
4936057,1516384927,0xae3df3e4a5608382915248399199a29dd22de054f6fa4f5038e3ffc8ee327298,0xfbb1b73c4f0bda4f67dca266ce6ef42f520fbb98,0x7071f121c038a98f8a7d485648a27fcd48891ba8,0,0,call,0x,82.08718802,None
4936779,1516395814,0xfd4dfe5b14ea4e86e07568fc7766b67969e52104632771190960f293f7bc979f,0xfbb1b73c4f0bda4f67dca266ce6ef42f520fbb98,0x7071f121c038a98f8a7d485648a27fcd48891ba8,0,0,call,0x,28.15926574,None
4937493,1516406566,0x687576b158c623af3a1d46c58969be716a0e67d5c066df331cdddff90aa92a11,0xfbb1b73c4f0bda4f67dca266ce6ef42f520fbb98,0x7071f121c038a98f8a7d485648a27fcd48891ba8,0,0,call,0x,23.89586312,None
4938915,1516428193,0x24d2cb4994cd9ba64ea83f9c0b6bc657ae45f17b9a199a6fc89563ed06db1392,0xfbb1b73c4f0bda4f67dca266ce6ef42f520fbb98,0x7071f121c038a98f8a7d485648a27fcd48891ba8,0,0,call,0x,29.57615658,None
4939624,1516438931,0xcea099fd0552ea00c1994b320b2fec972fdee68cd338f82ae030cd3278b87ef7,0xfbb1b73c4f0bda4f67dca266ce6ef42f520fbb98,0x7071f121c038a98f8a7d485648a27fcd48891ba8,0,0,call,0x,50.56955604,None
4940398,1516449765,0x724aacd1d7cd102cbc3645d067efb1624d5f214ff6820ba2d824276f4cd5d49b,0xfbb1b73c4f0bda4f67dca266ce6ef42f520fbb98,0x7071f121c038a98f8a7d485648a27fcd48891ba8,0,0,call,0x,68.38432209,None
4941166,1516460492,0x0c28236e7e53e53d96a00084c0d9c5d0f2db7796661c4b3a5ce7b4aa1f6067be,0xfbb1b73c4f0bda4f67dca266ce6ef42f520fbb98,0x7071f121c038a98f8a7d485648a27fcd48891ba8,0,0,call,0x,102.53553837,None
4943364,1516492905,0xe009a8ee6047274edca689570c5d9a4f28ed8622c3a08a7eda4c21f8d20dbcf2,0xfbb1b73c4f0bda4f67dca266ce6ef42f520fbb98,0x7071f121c038a98f8a7d485648a27fcd48891ba8,0,0,call,0x,102.63947524,None
4947027,1516546958,0x7394fca6ea3af39018fb813af7cd1b8312ce0b4a1d60ec53f93ebbd9532177bc,0xfbb1b73c4f0bda4f67dca266ce6ef42f520fbb98,0x7071f121c038a98f8a7d485648a27fcd48891ba8,0,0,call,0x,77.28286849999998,None
4947686,1516557879,0x54777da619e0feda8bb23cf2652f5c3f23e6d97f9cec2b10e5dfdda1d8d9a836,0xfbb1b73c4f0bda4f67dca266ce6ef42f520fbb98,0x7071f121c038a98f8a7d485648a27fcd48891ba8,0,0,call,0x,43.94397682,None
4948427,1516568618,0xe4dad46aa0806658af02e61534dd25e3cb69d1fa668e9fcec7991b514b58f5e6,0xfbb1b73c4f0bda4f67dca266ce6ef42f520fbb98,0x7071f121c038a98f8a7d485648a27fcd48891ba8,0,0,call,0x,73.72791848,None
4949170,1516579269,0x0268c8a972efeb4130907793e31c27311d962fa735ec391ae797cc76455854ce,0xfbb1b73c4f0bda4f67dca266ce6ef42f520fbb98,0x7071f121c038a98f8a7d485648a27fcd48891ba8,0,0,call,0x,210.91068614,None
4951395,1516611758,0xd64c82b8eaa559be2d0269101c8a60c837bed5ecfec0a5f93d1c7774922889f8,0xfbb1b73c4f0bda4f67dca266ce6ef42f520fbb98,0x7071f121c038a98f8a7d485648a27fcd48891ba8,0,0,call,0x,107.80933576,None
4952135,1516622587,0xe68a382d375f1548c335c614b5390e87eef83423db8705fd43bda9671b2ad6e1,0xfbb1b73c4f0bda4f67dca266ce6ef42f520fbb98,0x7071f121c038a98f8a7d485648a27fcd48891ba8,0,0,call,0x,35.77032166,None
4953595,1516644141,0x88651084faf580531ee32f31de86bc0b78c9f93d99ee6b9d5c6d80d5f70fce58,0xfbb1b73c4f0bda4f67dca266ce6ef42f520fbb98,0x7071f121c038a98f8a7d485648a27fcd48891ba8,0,0,call,0x,244.64396847,None
4954306,1516655032,0xa9c1e6621faa0e3624c96332ae6c0ce625adc0bd63640b099c2aed368aa803f8,0xfbb1b73c4f0bda4f67dca266ce6ef42f520fbb98,0x7071f121c038a98f8a7d485648a27fcd48891ba8,0,0,call,0x,89.97894429,None
4955055,1516665802,0x458ca021dfcc77a207cb40720f141fbde8a1fa2024acf19b3815edcce1aeb0fc,0xfbb1b73c4f0bda4f67dca266ce6ef42f520fbb98,0x7071f121c038a98f8a7d485648a27fcd48891ba8,0,0,call,0x,44.08152842,None
4956532,1516687485,0x6f426a2b35f41fcfdca679b9402f93c9b2074a9f65397f185c37d5e94eaf004c,0xfbb1b73c4f0bda4f67dca266ce6ef42f520fbb98,0x7071f121c038a98f8a7d485648a27fcd48891ba8,0,0,call,0x,27.90796086000001,None
4957252,1516698126,0xe1f6400e543c44e8497904e47887ef9dcb166ccb47536264560abc35a8329765,0xfbb1b73c4f0bda4f67dca266ce6ef42f520fbb98,0x7071f121c038a98f8a7d485648a27fcd48891ba8,0,0,call,0x,110.95604315,None
4958710,1516719713,0x4ffc389a7bebb3768bf161c5402ebaedc44f51cb8ef8dd2bab73826c0deea9af,0xfbb1b73c4f0bda4f67dca266ce6ef42f520fbb98,0x7071f121c038a98f8a7d485648a27fcd48891ba8,0,0,call,0x,137.45895672,None
4959437,1516730691,0xc3a59c4206a2ef88df933274ec2591945b7120583772bfd4f182417601e6bf4d,0xfbb1b73c4f0bda4f67dca266ce6ef42f520fbb98,0x7071f121c038a98f8a7d485648a27fcd48891ba8,0,0,call,0x,246.71465968,None
4960178,1516741294,0xdb78ceff4eec2bad27e4a25e2b7b79e18befb51074bc27823ea995cd87eba6db,0xfbb1b73c4f0bda4f67dca266ce6ef42f520fbb98,0x7071f121c038a98f8a7d485648a27fcd48891ba8,0,0,call,0x,118.79598241,None
4960952,1516752172,0xfee84c320bbfdd4f5abfb674df0a972bbf325b58d028b870bf1f1172d38a0015,0xfbb1b73c4f0bda4f67dca266ce6ef42f520fbb98,0x7071f121c038a98f8a7d485648a27fcd48891ba8,0,0,call,0x,41.2106027,None
4963961,1516795381,0xa5c260570c165f1dcd848fe7af55c7ee7abd5d647fb0c53c156ae0a01116248d,0xfbb1b73c4f0bda4f67dca266ce6ef42f520fbb98,0x7071f121c038a98f8a7d485648a27fcd48891ba8,0,0,call,0x,76.35338617,None
4964667,1516806207,0xaf3425d1ea4ca18ff6679c7480f70b95c8a91e5375150ea12d8bb052ce6d482d,0xfbb1b73c4f0bda4f67dca266ce6ef42f520fbb98,0x7071f121c038a98f8a7d485648a27fcd48891ba8,0,0,call,0x,95.34110848,None
4969134,1516870913,0xf834241f045f7c3c4a9b3e3fc932d3a1c484773913c8e878c534c09c7a195449,0xfbb1b73c4f0bda4f67dca266ce6ef42f520fbb98,0x7071f121c038a98f8a7d485648a27fcd48891ba8,0,0,call,0x,96.91671032,None
4976558,1516978972,0xcd0254e44399d2a6a76feff988edf98494bd661c4ab612e66c55affa74e2d490,0xfbb1b73c4f0bda4f67dca266ce6ef42f520fbb98,0x7071f121c038a98f8a7d485648a27fcd48891ba8,0,0,call,0x,265.36195069,None
4977276,1516989836,0x2b925a3fcb994f2c5531f4a34867979e0f662c41770590ef93545003cb5b1b70,0xfbb1b73c4f0bda4f67dca266ce6ef42f520fbb98,0x7071f121c038a98f8a7d485648a27fcd48891ba8,0,0,call,0x,114.91390811,None
4978040,1517000546,0x9d945930699d0d000894917e31a8d859e6470b20352ae118048434b3db614461,0xfbb1b73c4f0bda4f67dca266ce6ef42f520fbb98,0x7071f121c038a98f8a7d485648a27fcd48891ba8,0,0,call,0x,34.966298179999995,None
4978737,1517011322,0xe208b109b1f1b28e7d33fdf0440c45bcb9e77b7a64bcd1c0e69de4a8d3ff76d4,0xfbb1b73c4f0bda4f67dca266ce6ef42f520fbb98,0x7071f121c038a98f8a7d485648a27fcd48891ba8,0,0,call,0x,48.18475166,None
5008428,1517443318,0x24e2c8ee00e451735281e7649e9c5828b9e671d7cdbafffe736431eb5aa7802d,0xfbb1b73c4f0bda4f67dca266ce6ef42f520fbb98,0x7071f121c038a98f8a7d485648a27fcd48891ba8,0,0,call,0x,63.08669839,None
5009936,1517464932,0x0cbb4babd54e0beb7244683d88af9a1b7e9ce0745408e7ea5e39caa0da27c054,0xfbb1b73c4f0bda4f67dca266ce6ef42f520fbb98,0x7071f121c038a98f8a7d485648a27fcd48891ba8,0,0,call,0x,30.24275998,None
5010651,1517475684,0x857671d02bbd13a66f4c19f6ec1fd0fe585304102c2a82b1f1534f27c1535d5c,0xfbb1b73c4f0bda4f67dca266ce6ef42f520fbb98,0x7071f121c038a98f8a7d485648a27fcd48891ba8,0,0,call,0x,29.17139359,None
5031286,1517778116,0xc348be5076f8a32b3decf42c85505937455dcf34b3cbfd9ccdec95df000d942e,0xfbb1b73c4f0bda4f67dca266ce6ef42f520fbb98,0x7071f121c038a98f8a7d485648a27fcd48891ba8,0,0,call,0x,105.04010375,None
5032769,1517799781,0xd5767be4995650d3710b51fc666fab69d036c6d772ae38ad29403ad5e8ae29cd,0xfbb1b73c4f0bda4f67dca266ce6ef42f520fbb98,0x7071f121c038a98f8a7d485648a27fcd48891ba8,0,0,call,0x,167.75651248000003,None
5035080,1517832304,0xa944e8dd459b79193bcfefe7a25b81f02fc8b1688500bcc2780f781753ecc4b2,0xfbb1b73c4f0bda4f67dca266ce6ef42f520fbb98,0x7071f121c038a98f8a7d485648a27fcd48891ba8,0,0,call,0x,28.042410999999998,None
5043956,1517961736,0xb9b5d45a37e13041f78c7a96ad5fe6f8a45599e352f229c38a67f0b6e951337f,0xfbb1b73c4f0bda4f67dca266ce6ef42f520fbb98,0x7071f121c038a98f8a7d485648a27fcd48891ba8,0,0,call,0x,283.23233371,None
5044706,1517972497,0x1329baef5e26d9f7183e28fd6becf03df026248fc9ed2b6f40c0d662d16f4151,0xfbb1b73c4f0bda4f67dca266ce6ef42f520fbb98,0x7071f121c038a98f8a7d485648a27fcd48891ba8,0,0,call,0x,40.25594621000001,None
5045430,1517983269,0x8143b339ef6fb8c6de9daf2b2ad0fbef11570f74f94f04e28a505124fcc8a1b6,0xfbb1b73c4f0bda4f67dca266ce6ef42f520fbb98,0x7071f121c038a98f8a7d485648a27fcd48891ba8,0,0,call,0x,144.48902346,None
5046189,1517994187,0x686ba54e7813e5d422c6ce40c0142e7d19dc014c655ba2dc1a4b3d298078a053,0xfbb1b73c4f0bda4f67dca266ce6ef42f520fbb98,0x7071f121c038a98f8a7d485648a27fcd48891ba8,0,0,call,0x,191.6251997,None
5046928,1518005018,0x87c0f94bb181f98bad701041f72d8a46f5e86ca7cb70693d47b4fc06fbe17805,0xfbb1b73c4f0bda4f67dca266ce6ef42f520fbb98,0x7071f121c038a98f8a7d485648a27fcd48891ba8,0,0,call,0x,310.36475677,None
5047660,1518015695,0x2c6b0774a19c97ddd74eac59be5e4bc343c9d5689bcdfc684b8b6db7e5c2e19a,0xfbb1b73c4f0bda4f67dca266ce6ef42f520fbb98,0x7071f121c038a98f8a7d485648a27fcd48891ba8,0,0,call,0x,364.745925,None
5048438,1518026614,0xd7fd495c7a0951de54f641aabb089803831292a049df3b2512e2e7fcec89d9d4,0xfbb1b73c4f0bda4f67dca266ce6ef42f520fbb98,0x7071f121c038a98f8a7d485648a27fcd48891ba8,0,0,call,0x,157.49067659999997,None
5049164,1518037384,0xc981795e78912ee52817e3c5dd373b414f742602c28bb2b585a018e9b9353732,0xfbb1b73c4f0bda4f67dca266ce6ef42f520fbb98,0x7071f121c038a98f8a7d485648a27fcd48891ba8,0,0,call,0x,175.05525301999995,None
5053576,1518102095,0x07cf020a4b0e20c4a65e0f9d2ddb5af3a79649f7065084eb25b7173bc34dbcd2,0xfbb1b73c4f0bda4f67dca266ce6ef42f520fbb98,0x7071f121c038a98f8a7d485648a27fcd48891ba8,0,0,call,0x,53.9938907,None
5054351,1518112997,0x09f99c7517b98ef16a9cacb5f7134b1dae2e02403a74f9821e730f3207b27c35,0xfbb1b73c4f0bda4f67dca266ce6ef42f520fbb98,0x7071f121c038a98f8a7d485648a27fcd48891ba8,0,0,call,0x,75.33943465,None
5055090,1518123762,0xcd9e670671378c53950f004d47e73105af14d61cb3c2876fae11c267026ed9cc,0xfbb1b73c4f0bda4f67dca266ce6ef42f520fbb98,0x7071f121c038a98f8a7d485648a27fcd48891ba8,0,0,call,0x,109.87371549,None
5055877,1518134534,0xab165296c4c16fbcbc5e23b952832d962119cdfae12cdc754a1a3e2f78db32b3,0xfbb1b73c4f0bda4f67dca266ce6ef42f520fbb98,0x7071f121c038a98f8a7d485648a27fcd48891ba8,0,0,call,0x,27.32632912,None
5056648,1518145312,0x4a69fbb7b1138fb1852d9a409e256d24cc69847f87d1d05a5bd6987ad44afa83,0xfbb1b73c4f0bda4f67dca266ce6ef42f520fbb98,0x7071f121c038a98f8a7d485648a27fcd48891ba8,0,0,call,0x,46.44467820000001,None
5058140,1518166940,0x64a9cd071bd8e2d8decb4ab2a2f3a2dc97adf2ec36ea5f2264daf5060040e404,0xfbb1b73c4f0bda4f67dca266ce6ef42f520fbb98,0x7071f121c038a98f8a7d485648a27fcd48891ba8,0,0,call,0x,48.52469828,None
5058890,1518177790,0xbf75be27112f851be5bd9905235a3b31e8d90d692edf73162c63b3c63edae37f,0xfbb1b73c4f0bda4f67dca266ce6ef42f520fbb98,0x7071f121c038a98f8a7d485648a27fcd48891ba8,0,0,call,0x,29.57937538,None
5059648,1518188605,0x0e5288755fa9c5524e4f028e5e988f54baff2f633add2e09a6eafc797742f68b,0xfbb1b73c4f0bda4f67dca266ce6ef42f520fbb98,0x7071f121c038a98f8a7d485648a27fcd48891ba8,0,0,call,0x,119.01711218,None
5060387,1518199417,0x50e4506431594f2c2a54003865cc54a94f07e9202625e9bdd1899fc1199f7745,0xfbb1b73c4f0bda4f67dca266ce6ef42f520fbb98,0x7071f121c038a98f8a7d485648a27fcd48891ba8,0,0,call,0x,129.41771619,None
5061090,1518210172,0x4c3f31fc8ed7cda16418cea73b9b82d0aa30879f78fa2daac42624563bf5e5f2,0xfbb1b73c4f0bda4f67dca266ce6ef42f520fbb98,0x7071f121c038a98f8a7d485648a27fcd48891ba8,0,0,call,0x,109.75131089,None
5062565,1518231715,0xe0d7d8890ec8da8ac86f6be3c287c9d52dfc9a13fd80b23eec61a5aff666ebff,0xfbb1b73c4f0bda4f67dca266ce6ef42f520fbb98,0x7071f121c038a98f8a7d485648a27fcd48891ba8,0,0,call,0x,96.89276841,None
5063280,1518242517,0x8313061b73011ab86767eb45dd7422e9528edeea0a4c597f839f71d75d9e925e,0xfbb1b73c4f0bda4f67dca266ce6ef42f520fbb98,0x7071f121c038a98f8a7d485648a27fcd48891ba8,0,0,call,0x,33.89111391,None
5064040,1518253404,0xd080e43dc58939cb688e503671a2148b833d8051340dcca638b27b0a95260d22,0xfbb1b73c4f0bda4f67dca266ce6ef42f520fbb98,0x7071f121c038a98f8a7d485648a27fcd48891ba8,0,0,call,0x,78.69364993,None
5064785,1518264170,0xc587cece6d925f74d4c9a7db2806485e6b4ece7784cc57f3974c36ba9584ae23,0xfbb1b73c4f0bda4f67dca266ce6ef42f520fbb98,0x7071f121c038a98f8a7d485648a27fcd48891ba8,0,0,call,0x,74.58056786,None
5065539,1518274996,0x5c3d65260df5424f2881367577a55a596faa8fc14f5004581e74f771486a5b00,0xfbb1b73c4f0bda4f67dca266ce6ef42f520fbb98,0x7071f121c038a98f8a7d485648a27fcd48891ba8,0,0,call,0x,52.71671956,None
5069353,1518328931,0x96ef4d5d003fc834f17357a21d44f3b4e38c017e437108f033b84ad5ecc88c49,0xfbb1b73c4f0bda4f67dca266ce6ef42f520fbb98,0x7071f121c038a98f8a7d485648a27fcd48891ba8,0,0,call,0x,25.83415853,None
5071542,1518361407,0x4d886249206417ababd2cf01d60ac2ef977491af0214493c0fd0987730b49a97,0xfbb1b73c4f0bda4f67dca266ce6ef42f520fbb98,0x7071f121c038a98f8a7d485648a27fcd48891ba8,0,0,call,0x,55.9365319,None
5073039,1518383008,0xf25d961b3649d0018430f009ff73fbe22039e41eef3b2c0eb9298c9063de7c1e,0xfbb1b73c4f0bda4f67dca266ce6ef42f520fbb98,0x7071f121c038a98f8a7d485648a27fcd48891ba8,0,0,call,0x,23.83151565,None
5073786,1518393780,0x02ad3f01e6cbabe08cb75e5518f5975839069a6a1065f0d71733ada1f11cbb5e,0xfbb1b73c4f0bda4f67dca266ce6ef42f520fbb98,0x7071f121c038a98f8a7d485648a27fcd48891ba8,0,0,call,0x,91.03590456,None
5076790,1518436893,0x31c9cdd9b872924f7b2f564cd9f802f8164d6084afcf03bb5605d099d605e46f,0xfbb1b73c4f0bda4f67dca266ce6ef42f520fbb98,0x7071f121c038a98f8a7d485648a27fcd48891ba8,0,0,call,0x,27.326541660000004,None
5077511,1518447795,0x5f933527de714f619e1161dee00578d163b9f76412cb37d63e8cddca6cbdd1e0,0xfbb1b73c4f0bda4f67dca266ce6ef42f520fbb98,0x7071f121c038a98f8a7d485648a27fcd48891ba8,0,0,call,0x,64.89627653000001,None
5078214,1518458553,0xbc9aa840ac461b2d3334f2c7750f880e039807b1ddaeae2e994b7e6d5721ac40,0xfbb1b73c4f0bda4f67dca266ce6ef42f520fbb98,0x7071f121c038a98f8a7d485648a27fcd48891ba8,0,0,call,0x,53.76300111,None
5078982,1518469397,0xbe5bb6c793f90bc0e9e55238c2e1e93e961c6fe95c942b0aa27a8cffc2aca86f,0xfbb1b73c4f0bda4f67dca266ce6ef42f520fbb98,0x7071f121c038a98f8a7d485648a27fcd48891ba8,0,0,call,0x,67.22857489,None
5081994,1518512658,0x70352ecb462c79855a11b0f3298ae596b1f2b89c83268a76f2e9f2e5813aecc3,0xfbb1b73c4f0bda4f67dca266ce6ef42f520fbb98,0x7071f121c038a98f8a7d485648a27fcd48891ba8,0,0,call,0x,42.85034266,None
5084193,1518545101,0x6f967b979ae6a61cda989c43d5f068accad859a1f4aef7f16f22555c4d22ca7e,0xfbb1b73c4f0bda4f67dca266ce6ef42f520fbb98,0x7071f121c038a98f8a7d485648a27fcd48891ba8,0,0,call,0x,52.69724033,None
5084942,1518555716,0xa2af63efcb25cdd6b7ba6e0c6861102c198a2433cab5c3ac9d9cdebdb2eaea05,0xfbb1b73c4f0bda4f67dca266ce6ef42f520fbb98,0x7071f121c038a98f8a7d485648a27fcd48891ba8,0,0,call,0x,77.82697847,None
5087928,1518598973,0x0095ccdf49d4852e83119ca13ecd0b93c830210fca0c7a59d4320337483cd15b,0xfbb1b73c4f0bda4f67dca266ce6ef42f520fbb98,0x7071f121c038a98f8a7d485648a27fcd48891ba8,0,0,call,0x,64.62798044,None
5088661,1518609756,0xb91ae159c078ab9d0dedcb97b6a87e025d917eaeb1bd001a17c097ac6adc3d89,0xfbb1b73c4f0bda4f67dca266ce6ef42f520fbb98,0x7071f121c038a98f8a7d485648a27fcd48891ba8,0,0,call,0x,37.93028878000001,None
5089369,1518620527,0xc2339adb2b0fbe2e4cef2f126a4bb0a307afcd6e394cf1ba78428af60d69ad1a,0xfbb1b73c4f0bda4f67dca266ce6ef42f520fbb98,0x7071f121c038a98f8a7d485648a27fcd48891ba8,0,0,call,0x,193.83086238,None
5093809,1518685479,0x0c1216d88a627645f5c263c7728522536362dcdbc0cd33661cbb1fe7c7f56271,0xfbb1b73c4f0bda4f67dca266ce6ef42f520fbb98,0x7071f121c038a98f8a7d485648a27fcd48891ba8,0,0,call,0x,146.86395795,None
5094543,1518696170,0x38db147bb4aa0e3b69a2579372890bbae13fa1d4fe04a0e0d43dd25074bcc003,0xfbb1b73c4f0bda4f67dca266ce6ef42f520fbb98,0x7071f121c038a98f8a7d485648a27fcd48891ba8,0,0,call,0x,36.46659642,None
5102024,1518804095,0xfe5250311e8fa9faa8fc355b31caf3dbf3155dfd453e0fb97c9fb0360c75296c,0xfbb1b73c4f0bda4f67dca266ce6ef42f520fbb98,0x7071f121c038a98f8a7d485648a27fcd48891ba8,0,0,call,0x,79.75608907,None
5103473,1518825685,0x2a7544b4872b3f44faadea8f646a75d26d9e0fb25a6768a1ad7ba49ef9dc1b03,0xfbb1b73c4f0bda4f67dca266ce6ef42f520fbb98,0x7071f121c038a98f8a7d485648a27fcd48891ba8,0,0,call,0x,27.64782386,None
5105746,1518858203,0x688a5f73586d21bfce8053a138135f4a171c88eb28c0dcc4b907f9bbb15adf5a,0xfbb1b73c4f0bda4f67dca266ce6ef42f520fbb98,0x7071f121c038a98f8a7d485648a27fcd48891ba8,0,0,call,0x,38.69119306,None
5106546,1518868971,0x61674a375a24c40a429fc8ee1290d62ea77e783aa4fcbbaf4f0a2de719541ecb,0xfbb1b73c4f0bda4f67dca266ce6ef42f520fbb98,0x7071f121c038a98f8a7d485648a27fcd48891ba8,0,0,call,0x,42.46496578,None
5107281,1518879808,0x642667f6007e1f4d76f2647d43a38705981b3b14afb3a2d9f22198637f2c8133,0xfbb1b73c4f0bda4f67dca266ce6ef42f520fbb98,0x7071f121c038a98f8a7d485648a27fcd48891ba8,0,0,call,0x,106.86860337,None
5108013,1518890543,0x8fec9e12b645928474f05d5653233cea4d959c91a09c4e7cac6e68bd08b15c75,0xfbb1b73c4f0bda4f67dca266ce6ef42f520fbb98,0x7071f121c038a98f8a7d485648a27fcd48891ba8,0,0,call,0x,48.85930348,None
5108749,1518901353,0x3dddd8f29edeea6e8417f66fc5d39d2d1dada9c0fd089f830922ebd818eca0b5,0xfbb1b73c4f0bda4f67dca266ce6ef42f520fbb98,0x7071f121c038a98f8a7d485648a27fcd48891ba8,0,0,call,0x,48.5415551,None
5109512,1518912111,0x6864d01ee51ee426e26c4b619d2b1ed1ed1c2dfa4459aef6d51cd602256728e3,0xfbb1b73c4f0bda4f67dca266ce6ef42f520fbb98,0x7071f121c038a98f8a7d485648a27fcd48891ba8,0,0,call,0x,68.16905132000001,None
5111749,1518944504,0x50a433fcdea7a63f1e10e60a92756d4843387673aa24027fedc661702073506f,0xfbb1b73c4f0bda4f67dca266ce6ef42f520fbb98,0x7071f121c038a98f8a7d485648a27fcd48891ba8,0,0,call,0x,23.56682457,None
5120640,1519074082,0x1d823c1aaf51debe429597a1aafb834947e79b1014263fd3f285f458251325df,0xfbb1b73c4f0bda4f67dca266ce6ef42f520fbb98,0x7071f121c038a98f8a7d485648a27fcd48891ba8,0,0,call,0x,35.89525892,None
5130072,1519214505,0x28512fb68e72b0d79decbcabc78d5044c09585c44bdd7c8dfe3163b6231d3e24,0xfbb1b73c4f0bda4f67dca266ce6ef42f520fbb98,0x7071f121c038a98f8a7d485648a27fcd48891ba8,0,0,call,0x,64.12477923,None
5130832,1519225389,0x357252dfef4b89e88e8588429c719db46dd4752cf8ce3e0f1186eda76efb0978,0xfbb1b73c4f0bda4f67dca266ce6ef42f520fbb98,0x7071f121c038a98f8a7d485648a27fcd48891ba8,0,0,call,0x,35.03063815,None
5132316,1519246976,0x3336b0998e550f6a34a481318bcc7622699c240691fbe4d4f618a914c14e73a3,0xfbb1b73c4f0bda4f67dca266ce6ef42f520fbb98,0x7071f121c038a98f8a7d485648a27fcd48891ba8,0,0,call,0x,158.84418835,None
5133060,1519257711,0xdbb173f84ab197ab250001554c67c80778981d896a4b2e16e3781c910143aff8,0xfbb1b73c4f0bda4f67dca266ce6ef42f520fbb98,0x7071f121c038a98f8a7d485648a27fcd48891ba8,0,0,call,0x,24.67598936,None
5134535,1519279381,0xc4f51e8f5af13636eabdc680f4415a32b7a1b2a61c0a1b222fd9fc52d2b193a1,0xfbb1b73c4f0bda4f67dca266ce6ef42f520fbb98,0x7071f121c038a98f8a7d485648a27fcd48891ba8,0,0,call,0x,31.60819891,None
5135987,1519301022,0x2e2593804d8fb16a68f687abe78685f6a5a886372c3f9db8b39832d1c4d14ef4,0xfbb1b73c4f0bda4f67dca266ce6ef42f520fbb98,0x7071f121c038a98f8a7d485648a27fcd48891ba8,0,0,call,0x,30.21130643,None
5138930,1519344208,0x341fc9d548736bfc560a3343bd9d30caf30d59de3857a813db6839fef6753361,0xfbb1b73c4f0bda4f67dca266ce6ef42f520fbb98,0x7071f121c038a98f8a7d485648a27fcd48891ba8,0,0,call,0x,50.51491693000001,None
5139645,1519354956,0x0b146352b1c55f6e03aefa8ae3b6c51995eba9f689e812ef99338754946b3606,0xfbb1b73c4f0bda4f67dca266ce6ef42f520fbb98,0x7071f121c038a98f8a7d485648a27fcd48891ba8,0,0,call,0x,44.14405865,None
5141115,1519376546,0xd4590d47553058faaa6a50fc41b88769126d7c4203f829ffd65d51a8ea1d26d2,0xfbb1b73c4f0bda4f67dca266ce6ef42f520fbb98,0x7071f121c038a98f8a7d485648a27fcd48891ba8,0,0,call,0x,56.13091541,None
5141872,1519387298,0x94e562592053a6ea436aceeca4f768b55dc87ca9982fb457af5cab3e5c483315,0xfbb1b73c4f0bda4f67dca266ce6ef42f520fbb98,0x7071f121c038a98f8a7d485648a27fcd48891ba8,0,0,call,0x,179.55617948,None
5146975,1519462953,0xeec8172e81c0b79e17d27aca5b1ec66eb18c395a1d124eacd6b3396135192f8e,0xfbb1b73c4f0bda4f67dca266ce6ef42f520fbb98,0x7071f121c038a98f8a7d485648a27fcd48891ba8,0,0,call,0x,34.6400051,None
5147758,1519473769,0x349ca10404f0a954165a0a0b6e0f3f49505c94240db5532f14a0e1eb16e8681c,0xfbb1b73c4f0bda4f67dca266ce6ef42f520fbb98,0x7071f121c038a98f8a7d485648a27fcd48891ba8,0,0,call,0x,31.81956,None
5148441,1519484526,0xf5fe7f53ed3a57b6578517ed98b6edcfd90bae55abcf63ad0abd60827bc5c4d2,0xfbb1b73c4f0bda4f67dca266ce6ef42f520fbb98,0x7071f121c038a98f8a7d485648a27fcd48891ba8,0,0,call,0x,36.76907843,None
5149193,1519495327,0xb66deab7c193d9a5de499ac3ecb3452f7e053415d26667e5468eba98b535ec09,0xfbb1b73c4f0bda4f67dca266ce6ef42f520fbb98,0x7071f121c038a98f8a7d485648a27fcd48891ba8,0,0,call,0x,38.35719891,None
5150706,1519516867,0x0f9b7944afb92921ac4bd1cea7e0e20e8ab552114033477caa6f06f8f9b76d2b,0xfbb1b73c4f0bda4f67dca266ce6ef42f520fbb98,0x7071f121c038a98f8a7d485648a27fcd48891ba8,0,0,call,0x,25.44919466,None
5153631,1519560120,0x67f0fe78ab7253d7eeaaa789a3fac27bcf2b1f0215d484339d27cf1b18f087e0,0xfbb1b73c4f0bda4f67dca266ce6ef42f520fbb98,0x7071f121c038a98f8a7d485648a27fcd48891ba8,0,0,call,0x,25.68699601,None
5154404,1519570994,0x1148657412c9281c48916a1f0b656f57007915dd43d462fa296519a4fe3c75e9,0xfbb1b73c4f0bda4f67dca266ce6ef42f520fbb98,0x7071f121c038a98f8a7d485648a27fcd48891ba8,0,0,call,0x,24.92481929,None
5155097,1519581762,0x0427d31dcd4c35e1ec9dfcae95cf7b4730a734039890bbe2da65347f03b83f17,0xfbb1b73c4f0bda4f67dca266ce6ef42f520fbb98,0x7071f121c038a98f8a7d485648a27fcd48891ba8,0,0,call,0x,36.69517549,None
5155834,1519592528,0x030f9855aec66540dbd1880d100d0d1bd294fcfd1e5510099de3a2c6c27f5df0,0xfbb1b73c4f0bda4f67dca266ce6ef42f520fbb98,0x7071f121c038a98f8a7d485648a27fcd48891ba8,0,0,call,0x,40.10935826,None
5156568,1519603335,0xd4ef42573a7f653eb2d27519b7b169c7196ce6f2933b2ce8dfe37251fd4724b8,0xfbb1b73c4f0bda4f67dca266ce6ef42f520fbb98,0x7071f121c038a98f8a7d485648a27fcd48891ba8,0,0,call,0x,30.399474199999997,None
5160143,1519657271,0xe145897e30979ccd8db532c04392c12c1b686db786b012a7130950c5d51a4fa5,0xfbb1b73c4f0bda4f67dca266ce6ef42f520fbb98,0x7071f121c038a98f8a7d485648a27fcd48891ba8,0,0,call,0x,26.971021999999998,None
5162369,1519689714,0xefccdce205529d45a2e24472fe51786eb1829b40fe7ba54bd693e2f3d593938b,0xfbb1b73c4f0bda4f67dca266ce6ef42f520fbb98,0x7071f121c038a98f8a7d485648a27fcd48891ba8,0,0,call,0x,31.02160507,None
5164537,1519722175,0xa09e457476e81b30c1485f7b8ed506449c13cb599b7487b966ff503790c85add,0xfbb1b73c4f0bda4f67dca266ce6ef42f520fbb98,0x7071f121c038a98f8a7d485648a27fcd48891ba8,0,0,call,0x,23.13688864,None
5165273,1519732950,0x23ff6a6a3250abcb31ae0f8920a201a8eb402bc3b093edd22c3d4f463964d133,0xfbb1b73c4f0bda4f67dca266ce6ef42f520fbb98,0x7071f121c038a98f8a7d485648a27fcd48891ba8,0,0,call,0x,24.858010500000002,None
5166764,1519754584,0x51f3ed607a324f00ea01b5da3ca4058f55dd8777375caa2d5f351bc33e158d16,0xfbb1b73c4f0bda4f67dca266ce6ef42f520fbb98,0x7071f121c038a98f8a7d485648a27fcd48891ba8,0,0,call,0x,47.34447187,None
5167497,1519765335,0x6f793b5e86046c89c2baa90b1f0d44b9412a214c17ce8bdca88746f3e3737f66,0xfbb1b73c4f0bda4f67dca266ce6ef42f520fbb98,0x7071f121c038a98f8a7d485648a27fcd48891ba8,0,0,call,0x,47.43844063,None
5173424,1519851827,0x7051dc78bf1ff43271e23f58d30853e1375c5bea15f5a0789cb6f721bd8fa2fa,0xfbb1b73c4f0bda4f67dca266ce6ef42f520fbb98,0x7071f121c038a98f8a7d485648a27fcd48891ba8,0,0,call,0x,82.15919942,None
5179276,1519938230,0x2dfe701d0e5db6af16fe8639ba1bbf090cf811ebcb781d93fe108084be943f4d,0xfbb1b73c4f0bda4f67dca266ce6ef42f520fbb98,0x7071f121c038a98f8a7d485648a27fcd48891ba8,0,0,call,0x,55.22130553,None
5180781,1519959761,0x78344040f9932edd1860a58212571af94d8124044d3e7754bd0f609b20361246,0xfbb1b73c4f0bda4f67dca266ce6ef42f520fbb98,0x7071f121c038a98f8a7d485648a27fcd48891ba8,0,0,call,0x,24.73943573,None
5182187,1519981409,0x21804544e1c298e8cb442d96845365e9a3c98673bce581e9e27d90d3fb29815c,0xfbb1b73c4f0bda4f67dca266ce6ef42f520fbb98,0x7071f121c038a98f8a7d485648a27fcd48891ba8,0,0,call,0x,41.53750116,None
5182909,1519992166,0x1c194474ad872c2d46acd0d388242cf4d8824c7fc675a7aa7062ea9302e701ff,0xfbb1b73c4f0bda4f67dca266ce6ef42f520fbb98,0x7071f121c038a98f8a7d485648a27fcd48891ba8,0,0,call,0x,52.76258758,None
5183672,1520002952,0xbfd2230cd1f58ed060ef20fe91f4d6e791118913f526683d47280d44363fada4,0xfbb1b73c4f0bda4f67dca266ce6ef42f520fbb98,0x7071f121c038a98f8a7d485648a27fcd48891ba8,0,0,call,0x,34.02246408,None
5184386,1520013753,0x22bbe03844822deed7b98be4ae09f4416937addc9f9a05940b315ca2b5943f98,0xfbb1b73c4f0bda4f67dca266ce6ef42f520fbb98,0x7071f121c038a98f8a7d485648a27fcd48891ba8,0,0,call,0x,33.521030100000004,None
5185914,1520035389,0x91a00f2ede61c9945867d8145e65fdb834f182007ad44ea7513ceab409ec92c6,0xfbb1b73c4f0bda4f67dca266ce6ef42f520fbb98,0x7071f121c038a98f8a7d485648a27fcd48891ba8,0,0,call,0x,51.65153958000001,None
5186641,1520046129,0xdf200341733af896d7e4e9aa2de3f0d050e698e1c32bad5a32f04dbbda6ced29,0xfbb1b73c4f0bda4f67dca266ce6ef42f520fbb98,0x7071f121c038a98f8a7d485648a27fcd48891ba8,0,0,call,0x,136.84500443,None
5188867,1520078569,0x16c5a4cb9348143cdd382651e41f3692d615a116102c64785561b82c43fb59e4,0xfbb1b73c4f0bda4f67dca266ce6ef42f520fbb98,0x7071f121c038a98f8a7d485648a27fcd48891ba8,0,0,call,0x,26.12076161,None
5189618,1520089401,0x353aaa6f745ea8dd8b437dbc644fdac8e0a735a16c7faea2828d0024bfc77cd6,0xfbb1b73c4f0bda4f67dca266ce6ef42f520fbb98,0x7071f121c038a98f8a7d485648a27fcd48891ba8,0,0,call,0x,37.13152024,None
5190368,1520100272,0x99414146650ea14f5e0fa6f40f6bf57daa78c47a5cc6602938230e940fa1316f,0xfbb1b73c4f0bda4f67dca266ce6ef42f520fbb98,0x7071f121c038a98f8a7d485648a27fcd48891ba8,0,0,call,0x,36.58945942,None
5191085,1520110894,0x65fcf9fcb19a3e3f86970b00811ca5147cbad85e957afb8c0a3852b946e6ea19,0xfbb1b73c4f0bda4f67dca266ce6ef42f520fbb98,0x7071f121c038a98f8a7d485648a27fcd48891ba8,0,0,call,0x,145.30742822,None
5191861,1520121687,0xad54557bb8178825abcfd24e787323236dfdcdd90ff7e4d2bf6d7570c9a25e20,0xfbb1b73c4f0bda4f67dca266ce6ef42f520fbb98,0x7071f121c038a98f8a7d485648a27fcd48891ba8,0,0,call,0x,27.85643422,None
5196275,1520186596,0x9af52b2386b3ae8ec11c45da22bcca99e6523fe3e20c04abb4048bc64f5a699f,0xfbb1b73c4f0bda4f67dca266ce6ef42f520fbb98,0x7071f121c038a98f8a7d485648a27fcd48891ba8,0,0,call,0x,38.82234746,None
5201402,1520262188,0x34e7e8869120d1faa0498913d2777abffafdb6672e13cb2953630bc3840b3f8d,0xfbb1b73c4f0bda4f67dca266ce6ef42f520fbb98,0x7071f121c038a98f8a7d485648a27fcd48891ba8,0,0,call,0x,181.6377212,None
5202159,1520272959,0xf95e1ce53f9c5b6557ce1c8803a993c675784e2eb06643e4d8a23bc7a55917fe,0xfbb1b73c4f0bda4f67dca266ce6ef42f520fbb98,0x7071f121c038a98f8a7d485648a27fcd48891ba8,0,0,call,0x,27.21473652,None
5203622,1520294502,0x1683d8f15cc1785c74a4ebc1dc515104213745381ebaaa487fd3fdc2c52599a6,0xfbb1b73c4f0bda4f67dca266ce6ef42f520fbb98,0x7071f121c038a98f8a7d485648a27fcd48891ba8,0,0,call,0x,40.69193653,None
5205831,1520326956,0xf9ecfdcac345b941d0626e9331aa21549470de2941deb06b421ad0a1c7168852,0xfbb1b73c4f0bda4f67dca266ce6ef42f520fbb98,0x7071f121c038a98f8a7d485648a27fcd48891ba8,0,0,call,0x,25.41689589,None
5208059,1520359302,0xb06f665419f879cc3c3cea0e868614928e412c4765743226b4584d39769bdf78,0xfbb1b73c4f0bda4f67dca266ce6ef42f520fbb98,0x7071f121c038a98f8a7d485648a27fcd48891ba8,0,0,call,0x,45.14283195,None
5208785,1520370093,0x92cfcc32403a6abf4ababdee89cee4ab4216031d22c65740f84e283d8fe0d435,0xfbb1b73c4f0bda4f67dca266ce6ef42f520fbb98,0x7071f121c038a98f8a7d485648a27fcd48891ba8,0,0,call,0x,45.80979133,None
5209519,1520380993,0x0c5ed69a1403a0aa9b5e3636333c9123c71ee7e98365759ab82a586d2e32fc6a,0xfbb1b73c4f0bda4f67dca266ce6ef42f520fbb98,0x7071f121c038a98f8a7d485648a27fcd48891ba8,0,0,call,0x,45.21113857,None
5210259,1520391758,0x15e5df907760f059bae61b081eece20c41451748ea2bf8eb2cd0477165737831,0xfbb1b73c4f0bda4f67dca266ce6ef42f520fbb98,0x7071f121c038a98f8a7d485648a27fcd48891ba8,0,0,call,0x,70.30236148,None
5211722,1520413337,0xd5b8e2eda2b35af5224b8ab86d79883cbeb64582456322d0ba4462cacda42300,0xfbb1b73c4f0bda4f67dca266ce6ef42f520fbb98,0x7071f121c038a98f8a7d485648a27fcd48891ba8,0,0,call,0x,70.02406182,None
5212458,1520424123,0x5764e84b9e3796885da81fe91ac22aff728cfe0d4d00adf6e40f139d903c8fe9,0xfbb1b73c4f0bda4f67dca266ce6ef42f520fbb98,0x7071f121c038a98f8a7d485648a27fcd48891ba8,0,0,call,0x,92.59172241,None
5213206,1520434956,0xc5f7980ac651b2ac60685e54937f90057663aaa7d46ad707411c00a9a5f255a6,0xfbb1b73c4f0bda4f67dca266ce6ef42f520fbb98,0x7071f121c038a98f8a7d485648a27fcd48891ba8,0,0,call,0x,76.32366750999998,None
5213923,1520445787,0x52fe5ed9e1cabf5edd142b705b687a7d152ab74cfb1f6db8daf244073fcf5079,0xfbb1b73c4f0bda4f67dca266ce6ef42f520fbb98,0x7071f121c038a98f8a7d485648a27fcd48891ba8,0,0,call,0x,84.30008434,None
5214677,1520456513,0x0365aea44e35efb5d96317afe66226179571c7dffafae661256bd1ff4c04893f,0xfbb1b73c4f0bda4f67dca266ce6ef42f520fbb98,0x7071f121c038a98f8a7d485648a27fcd48891ba8,0,0,call,0x,190.26824934,None
5215435,1520467369,0x000a7711111e4ed3ba1bf0318e8d40fbffdbcd35ea8c4366d2a10bcc03c65d10,0xfbb1b73c4f0bda4f67dca266ce6ef42f520fbb98,0x7071f121c038a98f8a7d485648a27fcd48891ba8,0,0,call,0x,154.91427706,None
5216142,1520478106,0x61a3a402391139746e65d93f209ec2930f193ada0053bb2980bb6d3accfd5d12,0xfbb1b73c4f0bda4f67dca266ce6ef42f520fbb98,0x7071f121c038a98f8a7d485648a27fcd48891ba8,0,0,call,0x,24.86878683,None
5217629,1520499696,0x154b661d396b30cd360833abe3cf78da22c2df874a56fc20a50ebd64a17af77f,0xfbb1b73c4f0bda4f67dca266ce6ef42f520fbb98,0x7071f121c038a98f8a7d485648a27fcd48891ba8,0,0,call,0x,84.83667141000002,None
5218348,1520510631,0xfd8431c7b9180be00f22682f51063d425214c627237c402d8a835e0cb28e5e4b,0xfbb1b73c4f0bda4f67dca266ce6ef42f520fbb98,0x7071f121c038a98f8a7d485648a27fcd48891ba8,0,0,call,0x,57.91898327,None
5219127,1520521386,0x1d7fe9817302088984389f5883dec8096d87bfafadb7a8873bca0a111117a996,0xfbb1b73c4f0bda4f67dca266ce6ef42f520fbb98,0x7071f121c038a98f8a7d485648a27fcd48891ba8,0,0,call,0x,49.48632858,None
5219855,1520532132,0x8ce26424cdc1e83bdbf5f9835b897f7cd3fdf869e71e82d26af2350ee385e2af,0xfbb1b73c4f0bda4f67dca266ce6ef42f520fbb98,0x7071f121c038a98f8a7d485648a27fcd48891ba8,0,0,call,0x,112.49635433,None
5220558,1520542942,0x8ce733d086d9c35c4d84d385c56c9de971b854dce71460ab3049b34c58658295,0xfbb1b73c4f0bda4f67dca266ce6ef42f520fbb98,0x7071f121c038a98f8a7d485648a27fcd48891ba8,0,0,call,0x,118.88620922,None
5221290,1520553761,0x339ab944bef40c25f10dc713f3b7f0a1f25e4cf0fd3e2592629b197af256cd73,0xfbb1b73c4f0bda4f67dca266ce6ef42f520fbb98,0x7071f121c038a98f8a7d485648a27fcd48891ba8,0,0,call,0x,83.64452002,None
5222787,1520575371,0x6673d0d45bc78098aa63b94ba8559ef316ca4bc2d3c7c7a9d2b50eea59ac7253,0xfbb1b73c4f0bda4f67dca266ce6ef42f520fbb98,0x7071f121c038a98f8a7d485648a27fcd48891ba8,0,0,call,0x,36.3833473,None
5224263,1520596959,0xe3ae7df934168adc16be73e300a7b4e3a35f1bd76e5b5d251918addea89a5ba7,0xfbb1b73c4f0bda4f67dca266ce6ef42f520fbb98,0x7071f121c038a98f8a7d485648a27fcd48891ba8,0,0,call,0x,353.22792266,None
5224970,1520607790,0x2620aca17a6dc5bc6f67cf442536449ee73ea90b16c0ccb4eb1aa4820be7a5eb,0xfbb1b73c4f0bda4f67dca266ce6ef42f520fbb98,0x7071f121c038a98f8a7d485648a27fcd48891ba8,0,0,call,0x,225.00953197,None
5225681,1520618535,0x4b76ee7d07f0df224de09e6ed5fecc666e99256d013bdc642ed3037cd884d360,0xfbb1b73c4f0bda4f67dca266ce6ef42f520fbb98,0x7071f121c038a98f8a7d485648a27fcd48891ba8,0,0,call,0x,95.34761399,None
5226454,1520629382,0x1baaf569b689a8e05663c05a263a09013a225a2f09697e2d3e95dfbcd57f9b02,0xfbb1b73c4f0bda4f67dca266ce6ef42f520fbb98,0x7071f121c038a98f8a7d485648a27fcd48891ba8,0,0,call,0x,158.71308169,None
5227189,1520640237,0xf998bd88ae0147b7133c419ae845f185b8209a88502e8648a4a6b1d59d777ac3,0xfbb1b73c4f0bda4f67dca266ce6ef42f520fbb98,0x7071f121c038a98f8a7d485648a27fcd48891ba8,0,0,call,0x,102.41524605,None
5227928,1520650934,0x844e4f0c4056432daf2ec3d248672bf180ca2f68a6e42027a46b69578747a3ca,0xfbb1b73c4f0bda4f67dca266ce6ef42f520fbb98,0x7071f121c038a98f8a7d485648a27fcd48891ba8,0,0,call,0x,35.37473629,None
5229388,1520672554,0x4a78a729e72ca5a595efa81f45ab3db3509d97802f13437287335f2613db92e9,0xfbb1b73c4f0bda4f67dca266ce6ef42f520fbb98,0x7071f121c038a98f8a7d485648a27fcd48891ba8,0,0,call,0x,48.72199934,None
5230884,1520694128,0x2f11afbd3693e4274c60837beecc8ad7b83aeb3199f9da36a2c826fa0cdee959,0xfbb1b73c4f0bda4f67dca266ce6ef42f520fbb98,0x7071f121c038a98f8a7d485648a27fcd48891ba8,0,0,call,0x,59.30769148,None
5231633,1520704981,0xdb4df116c6f7c1173aca47d30f1ecedc87d296f4ada825893eb5b31d4d8da599,0xfbb1b73c4f0bda4f67dca266ce6ef42f520fbb98,0x7071f121c038a98f8a7d485648a27fcd48891ba8,0,0,call,0x,85.86191611,None
5232306,1520715772,0xf35d5d913855669216bf86ee2b113f643bcbdbe9eb6bcdc9cedf1ebc8ac3c10e,0xfbb1b73c4f0bda4f67dca266ce6ef42f520fbb98,0x7071f121c038a98f8a7d485648a27fcd48891ba8,0,0,call,0x,32.26971675,None
5233818,1520737317,0xa6cf30c08dfc31df8c27a9b76c42b10f15d29693b84b62dae795ff0bbb1fb4c8,0xfbb1b73c4f0bda4f67dca266ce6ef42f520fbb98,0x7071f121c038a98f8a7d485648a27fcd48891ba8,0,0,call,0x,25.31887749,None
5234539,1520748173,0xca3b0a0d7a8205e32ef676d46bd27b540506c96cd0867dca54097a28b0b6fb9b,0xfbb1b73c4f0bda4f67dca266ce6ef42f520fbb98,0x7071f121c038a98f8a7d485648a27fcd48891ba8,0,0,call,0x,36.36896486000001,None
5235269,1520758953,0x94ee64ba66c7dd14830e57eef9f8b87c168e7e89e19e21580e6d7a971893eaab,0xfbb1b73c4f0bda4f67dca266ce6ef42f520fbb98,0x7071f121c038a98f8a7d485648a27fcd48891ba8,0,0,call,0x,25.58958873,None
5236014,1520769788,0x3e0f86b94498be8f03366cbd84d0c4dc364a2ced70209cb99319b526c3357dfb,0xfbb1b73c4f0bda4f67dca266ce6ef42f520fbb98,0x7071f121c038a98f8a7d485648a27fcd48891ba8,0,0,call,0x,49.81976692,None
5236746,1520780551,0x922ffb9fd3dbdfefcc9eb7b19804eeedc19d9be91d141269bc4265c421b6df27,0xfbb1b73c4f0bda4f67dca266ce6ef42f520fbb98,0x7071f121c038a98f8a7d485648a27fcd48891ba8,0,0,call,0x,51.34630996,None
5267856,1521237626,0x457a80b69989e2e43310fe9a3fe9ceb7159235434b3ca7949b510ef6895f9fc6,0xfbb1b73c4f0bda4f67dca266ce6ef42f520fbb98,0x7071f121c038a98f8a7d485648a27fcd48891ba8,0,0,call,0x,23.739180800000003,None
5268366,1521244940,0x48c6bf7caf1a466d3e6ce491e5af517efb190925f9c2eb01f85234f36ce31db8,0xfbb1b73c4f0bda4f67dca266ce6ef42f520fbb98,0x7071f121c038a98f8a7d485648a27fcd48891ba8,0,0,call,0x,25.35341122,None
5271249,1521288116,0xf61fd6c3a2fae110b3ab3040ca8d80c889dc7a6e8131d4870c057d1751a84acb,0xfbb1b73c4f0bda4f67dca266ce6ef42f520fbb98,0x7071f121c038a98f8a7d485648a27fcd48891ba8,0,0,call,0x,49.95523372,None
5272183,1521302552,0x5028ed9447d84805ec480e6dd5edd639f9c9624affe76362e56f54f26a104629,0xfbb1b73c4f0bda4f67dca266ce6ef42f520fbb98,0x7071f121c038a98f8a7d485648a27fcd48891ba8,0,0,call,0x,51.43775326,None
5272687,1521309710,0x3827fe13461bed95c013edeedabad5f86c56677fd338631adefdd9cd85f374b1,0xfbb1b73c4f0bda4f67dca266ce6ef42f520fbb98,0x7071f121c038a98f8a7d485648a27fcd48891ba8,0,0,call,0x,67.53368602,None
5290010,1521561648,0x66f31136aeeeb0a2c57e27995625821a5389df42459dc0690dd9c02474f820c7,0xfbb1b73c4f0bda4f67dca266ce6ef42f520fbb98,0x7071f121c038a98f8a7d485648a27fcd48891ba8,0,0,call,0x,26.61309918000001,None
5290547,1521568820,0x2aa32d09af290847d60d7415c65cbf195467c578b8e3309b5753825e5e03e136,0xfbb1b73c4f0bda4f67dca266ce6ef42f520fbb98,0x7071f121c038a98f8a7d485648a27fcd48891ba8,0,0,call,0x,69.08876406,None
5291078,1521576048,0xdfc841953ee05682f3afe3af3a3e737c2491cef245178d3c79dcf2a9e5959e72,0xfbb1b73c4f0bda4f67dca266ce6ef42f520fbb98,0x7071f121c038a98f8a7d485648a27fcd48891ba8,0,0,call,0x,55.41085703,None
5291581,1521583224,0xdca043b99f91a5c99fea86a2e5a39a87b2fedb903bfa596a5dd74db060b2040b,0xfbb1b73c4f0bda4f67dca266ce6ef42f520fbb98,0x7071f121c038a98f8a7d485648a27fcd48891ba8,0,0,call,0x,139.98707349,None
5292073,1521590542,0x7f8fd0ae9cf419fad73094e154c3c7314f52230d98f77b79ebfd26e1b85c681e,0xfbb1b73c4f0bda4f67dca266ce6ef42f520fbb98,0x7071f121c038a98f8a7d485648a27fcd48891ba8,0,0,call,0x,55.81878498,None
5293060,1521604867,0x2132eaaccf80218707d583214d38819daace8428f44c6ec3f01847fa23e488d4,0xfbb1b73c4f0bda4f67dca266ce6ef42f520fbb98,0x7071f121c038a98f8a7d485648a27fcd48891ba8,0,0,call,0x,25.79342566,None
5294064,1521619302,0x60bf717850b21bb44b0e47fcde597e0208c93a5c53b22772e6a72572b892873b,0xfbb1b73c4f0bda4f67dca266ce6ef42f520fbb98,0x7071f121c038a98f8a7d485648a27fcd48891ba8,0,0,call,0x,51.70542119,None
5294546,1521626483,0xa8eec3e77f073a00597976249b538ce7423f0ca5132cceae413356be40006040,0xfbb1b73c4f0bda4f67dca266ce6ef42f520fbb98,0x7071f121c038a98f8a7d485648a27fcd48891ba8,0,0,call,0x,83.21696154,None
5295006,1521633659,0x5b3719e4c52f6f3755f3a9dd2fb3bac029984bfc147f88404c38bdd4cf889934,0xfbb1b73c4f0bda4f67dca266ce6ef42f520fbb98,0x7071f121c038a98f8a7d485648a27fcd48891ba8,0,0,call,0x,132.91106702,None
5295510,1521640882,0x73b28a6c48bdf1a2554b896059067a3368cce5ad0456c86688189fa75620cb28,0xfbb1b73c4f0bda4f67dca266ce6ef42f520fbb98,0x7071f121c038a98f8a7d485648a27fcd48891ba8,0,0,call,0x,64.43096333,None
5295980,1521648160,0xb2461cdd998101d9023199a615f8869debeeac09bc8980e0f81f72dced748bb1,0xfbb1b73c4f0bda4f67dca266ce6ef42f520fbb98,0x7071f121c038a98f8a7d485648a27fcd48891ba8,0,0,call,0x,98.83846229,None
5296467,1521655294,0x88e59b12f69a441a364c9d7cd5a19c98af1dfb55970e163ea459da6b26f4cebe,0xfbb1b73c4f0bda4f67dca266ce6ef42f520fbb98,0x7071f121c038a98f8a7d485648a27fcd48891ba8,0,0,call,0x,29.85487655,None
5342832,1522324825,0x3e50b57c92a6d4442c1b3e7e23435d6997cd4d5efc6e814668e7079c7b95878a,0xfbb1b73c4f0bda4f67dca266ce6ef42f520fbb98,0x7071f121c038a98f8a7d485648a27fcd48891ba8,0,0,call,0x,304.43394786,None
5343331,1522332095,0x32bef6b8cefd5de430614b3e7ab3ee9446e539cc85e8b2784f04df33485aaa5a,0xfbb1b73c4f0bda4f67dca266ce6ef42f520fbb98,0x7071f121c038a98f8a7d485648a27fcd48891ba8,0,0,call,0x,71.34357701,None
5343842,1522339234,0xeae37babc8efa23cbf75857d41f79ceab91ca48c21cb93be771ac8b690807f78,0xfbb1b73c4f0bda4f67dca266ce6ef42f520fbb98,0x7071f121c038a98f8a7d485648a27fcd48891ba8,0,0,call,0x,25.91494229,None
5344327,1522346514,0x09bb84a8c5735c6305075fe19263894876c7088e777431e17a60cbb49d352292,0xfbb1b73c4f0bda4f67dca266ce6ef42f520fbb98,0x7071f121c038a98f8a7d485648a27fcd48891ba8,0,0,call,0x,189.50399595,None
5344828,1522353672,0x4bcc0d0ff3d83cfa762831233ddf999fd9acc5a7e068d7a8cea04615e976b8a2,0xfbb1b73c4f0bda4f67dca266ce6ef42f520fbb98,0x7071f121c038a98f8a7d485648a27fcd48891ba8,0,0,call,0x,42.55238734,None
5346331,1522375219,0x563ac711e21b4fa530ebb709cba9a1b1ddc94fcc72c13d994d7515338328635c,0xfbb1b73c4f0bda4f67dca266ce6ef42f520fbb98,0x7071f121c038a98f8a7d485648a27fcd48891ba8,0,0,call,0x,204.63462583,None
5346842,1522382575,0x309383984e6d0fcf038980a097d3eb2789c568baa9d5ba1926a729359cd635f4,0xfbb1b73c4f0bda4f67dca266ce6ef42f520fbb98,0x7071f121c038a98f8a7d485648a27fcd48891ba8,0,0,call,0x,26.26011254,None
5347306,1522389726,0x4afad0f7a8c6fca388b18aa96eb2d7f983ef82fc67edf48910ef3adfc1ae1c6f,0xfbb1b73c4f0bda4f67dca266ce6ef42f520fbb98,0x7071f121c038a98f8a7d485648a27fcd48891ba8,0,0,call,0x,37.36863791,None
5347794,1522396922,0xd4cdc28690d75315f5161a976b3962bda562a9a1ec751a37228df3adba8f2483,0xfbb1b73c4f0bda4f67dca266ce6ef42f520fbb98,0x7071f121c038a98f8a7d485648a27fcd48891ba8,0,0,call,0x,66.09955327,None
5348283,1522404082,0xf7ebb409306fbc9e6c20d27fbde31d1c8f793432757acc43069cdfe2b15347a2,0xfbb1b73c4f0bda4f67dca266ce6ef42f520fbb98,0x7071f121c038a98f8a7d485648a27fcd48891ba8,0,0,call,0x,78.51191557,None
5348765,1522411254,0x54f9e0b46bf7f41fb85f825de519c8236d1a7844935a12d39b99c4e342559d4b,0xfbb1b73c4f0bda4f67dca266ce6ef42f520fbb98,0x7071f121c038a98f8a7d485648a27fcd48891ba8,0,0,call,0x,44.59521009,None
5349764,1522425679,0xd81a494555a9df043cba2d41f2447b8c9949e52ee725feddaa6235bc2ef97e23,0xfbb1b73c4f0bda4f67dca266ce6ef42f520fbb98,0x7071f121c038a98f8a7d485648a27fcd48891ba8,0,0,call,0x,170.61286698,None
5351244,1522447325,0xbb331f024c70671a6c4261bc5e1d8ee9c70bf472cfff1cde14bf53953afa16a1,0xfbb1b73c4f0bda4f67dca266ce6ef42f520fbb98,0x7071f121c038a98f8a7d485648a27fcd48891ba8,0,0,call,0x,58.53796806,None
5352213,1522461622,0x4ae3eb4bcaa2c97bd30d8ac37b6548d2eba3897a5ed5cb5437386e99d65d4e33,0xfbb1b73c4f0bda4f67dca266ce6ef42f520fbb98,0x7071f121c038a98f8a7d485648a27fcd48891ba8,0,0,call,0x,31.24149194,None
5353206,1522476072,0xd155628874bde32ad8810214aff8ce41e05bb7b29b12318276aeacb5fd9cd355,0xfbb1b73c4f0bda4f67dca266ce6ef42f520fbb98,0x7071f121c038a98f8a7d485648a27fcd48891ba8,0,0,call,0x,25.5533332,None
5353716,1522483317,0xd33765e50749c9a93ae895403cc97e753ff112c09482d1fe3d288d20336e9539,0xfbb1b73c4f0bda4f67dca266ce6ef42f520fbb98,0x7071f121c038a98f8a7d485648a27fcd48891ba8,0,0,call,0x,32.12981953,None
5354689,1522497626,0x733a0b50d938ebb26a379ab6ad44883ef633b10fce0f6c7b97ebf6e7ec8a14b9,0xfbb1b73c4f0bda4f67dca266ce6ef42f520fbb98,0x7071f121c038a98f8a7d485648a27fcd48891ba8,0,0,call,0x,56.37653081,None
5355227,1522504854,0xe0cf0c2905429a81629aed8c19bf41100199e2641c2ac761149840933c7b111e,0xfbb1b73c4f0bda4f67dca266ce6ef42f520fbb98,0x7071f121c038a98f8a7d485648a27fcd48891ba8,0,0,call,0x,63.31716215,None
5355763,1522512140,0xd939a3247db1b8f5838f6640f375d06dcc185dbfc66e9888b55c9bf427adf9d3,0xfbb1b73c4f0bda4f67dca266ce6ef42f520fbb98,0x7071f121c038a98f8a7d485648a27fcd48891ba8,0,0,call,0x,57.65880102,None
5356261,1522519276,0xfc5abf936510467da7605c31814f6895ace18f9eb148764bd8bdc59b73036e27,0xfbb1b73c4f0bda4f67dca266ce6ef42f520fbb98,0x7071f121c038a98f8a7d485648a27fcd48891ba8,0,0,call,0x,65.92973228000001,None
5356761,1522526436,0xffe2f33e6b3b6e2381266767fe0dc0ffddf644c837b2108ca7b12b79a15afa6f,0xfbb1b73c4f0bda4f67dca266ce6ef42f520fbb98,0x7071f121c038a98f8a7d485648a27fcd48891ba8,0,0,call,0x,31.825740500000002,None
5357799,1522540895,0x1be5aeee62e72061ddebf5dab673f7de88dde95595746190965bb57f33c71aaf,0xfbb1b73c4f0bda4f67dca266ce6ef42f520fbb98,0x7071f121c038a98f8a7d485648a27fcd48891ba8,0,0,call,0x,25.07279946,None
5358834,1522555258,0xc1fe2051e36b9808f42de828c96b2085204ac71a77362d198de04bae902deeab,0xfbb1b73c4f0bda4f67dca266ce6ef42f520fbb98,0x7071f121c038a98f8a7d485648a27fcd48891ba8,0,0,call,0x,26.93962295,None
5359812,1522569706,0x3a127eaa95cc6b92b32dd41e95f3396cc6c27edb76861ae87973b3e8b37e0cf4,0xfbb1b73c4f0bda4f67dca266ce6ef42f520fbb98,0x7071f121c038a98f8a7d485648a27fcd48891ba8,0,0,call,0x,36.26170513,None
5360323,1522576955,0x5d7d661582a76475843ebd35309b80133772567f822775e1633c4705076302d5,0xfbb1b73c4f0bda4f67dca266ce6ef42f520fbb98,0x7071f121c038a98f8a7d485648a27fcd48891ba8,0,0,call,0x,47.06849855,None
5360811,1522584058,0xa8614e178fa3cfddb3f47588780d2256407c85a31613a3755215f3bfe65a4bed,0xfbb1b73c4f0bda4f67dca266ce6ef42f520fbb98,0x7071f121c038a98f8a7d485648a27fcd48891ba8,0,0,call,0x,34.34061844,None
5361322,1522591217,0x0f034d37a451c25cbcb22c5295e04cb5f5caf6956fd3bd93ecf180a806c19003,0xfbb1b73c4f0bda4f67dca266ce6ef42f520fbb98,0x7071f121c038a98f8a7d485648a27fcd48891ba8,0,0,call,0x,61.52552311,None
5361859,1522598523,0x33e7db0a2318010d07552a21a118b8f8a94512ff63ffe3d7f8a10abf2d796610,0xfbb1b73c4f0bda4f67dca266ce6ef42f520fbb98,0x7071f121c038a98f8a7d485648a27fcd48891ba8,0,0,call,0x,64.69895346,None
5362335,1522605687,0x380a99602c94e337a45abee890342bf88249262eb3015c23b922480751fb92a9,0xfbb1b73c4f0bda4f67dca266ce6ef42f520fbb98,0x7071f121c038a98f8a7d485648a27fcd48891ba8,0,0,call,0x,107.03675590000002,None
5363814,1522627256,0x111a421eb5fbcc51cf7f761831eddb2cc7ab42f047c69063ec9f26fc16991abd,0xfbb1b73c4f0bda4f67dca266ce6ef42f520fbb98,0x7071f121c038a98f8a7d485648a27fcd48891ba8,0,0,call,0x,30.86236123,None
5366388,1522663304,0x87301a703cbfb074a5527f8def7cb33503f77522800f6e73b811e3e6f7a71dfd,0xfbb1b73c4f0bda4f67dca266ce6ef42f520fbb98,0x7071f121c038a98f8a7d485648a27fcd48891ba8,0,0,call,0x,52.17021577,None
5366909,1522670538,0x1ab046f4d363660b4649a9648b22681182dffb0c79ebe20c46412dee718a504c,0xfbb1b73c4f0bda4f67dca266ce6ef42f520fbb98,0x7071f121c038a98f8a7d485648a27fcd48891ba8,0,0,call,0x,53.00827873,None
5367897,1522684840,0x1354794074c9693d683334056baf55f8103e4510473ee9a3dd43695cf7b2e010,0xfbb1b73c4f0bda4f67dca266ce6ef42f520fbb98,0x7071f121c038a98f8a7d485648a27fcd48891ba8,0,0,call,0x,105.82195845,None
5372409,1522749638,0xbbfa685285f66452a438134cda9f6b4d9a2403f69f6462694a5174cdac559083,0xfbb1b73c4f0bda4f67dca266ce6ef42f520fbb98,0x7071f121c038a98f8a7d485648a27fcd48891ba8,0,0,call,0x,108.42814199,None
5372936,1522756941,0xc668dc8283819582fd78e5eb06e4fe9b5c23c4eaa96101226bc303b08250a16c,0xfbb1b73c4f0bda4f67dca266ce6ef42f520fbb98,0x7071f121c038a98f8a7d485648a27fcd48891ba8,0,0,call,0x,73.26023285000002,None
5373415,1522764214,0x1f33364ee73ca9f9f9337fe463aefc549c446bfee784bb57735053296307f017,0xfbb1b73c4f0bda4f67dca266ce6ef42f520fbb98,0x7071f121c038a98f8a7d485648a27fcd48891ba8,0,0,call,0x,68.77077075999999,None
5373903,1522771275,0x0383bb2c5fba587d5dae3a634fd3f6b87eedcbdc5acfda98192f50ef53b32db7,0xfbb1b73c4f0bda4f67dca266ce6ef42f520fbb98,0x7071f121c038a98f8a7d485648a27fcd48891ba8,0,0,call,0x,75.73637009000002,None
5374898,1522785705,0x62d3a73770137e1700ded799b5f674ed94481cd091dff858fa3e52b4ab602c33,0xfbb1b73c4f0bda4f67dca266ce6ef42f520fbb98,0x7071f121c038a98f8a7d485648a27fcd48891ba8,0,0,call,0x,108.05973227,None
5375406,1522792890,0x4862c495547173720002843072cd1e05bbfe14ff0e2048773bc2b5d359e75bdd,0xfbb1b73c4f0bda4f67dca266ce6ef42f520fbb98,0x7071f121c038a98f8a7d485648a27fcd48891ba8,0,0,call,0x,40.34812706,None
5377465,1522821785,0xb0be5be51b1f9b4441beac334747e07f87532664ea37e6c86081a18544280754,0xfbb1b73c4f0bda4f67dca266ce6ef42f520fbb98,0x7071f121c038a98f8a7d485648a27fcd48891ba8,0,0,call,0x,50.73029419,None
5378450,1522836055,0x0f6b9c1d25254c550da91a5f71c3ee848de401c648c8a7135baf8d07de0ad4bb,0xfbb1b73c4f0bda4f67dca266ce6ef42f520fbb98,0x7071f121c038a98f8a7d485648a27fcd48891ba8,0,0,call,0x,24.651049899999997,None
5379951,1522857662,0x430be6ce12105e1b1bd9b0cd02d36ebf4599cbf6bdce8f28b1422f3d3970d4fb,0xfbb1b73c4f0bda4f67dca266ce6ef42f520fbb98,0x7071f121c038a98f8a7d485648a27fcd48891ba8,0,0,call,0x,139.8958896,None
5380436,1522864817,0x9c2554c24293dbee121fbc4758999d8a9f62692fd55567959f54c2d43110db13,0xfbb1b73c4f0bda4f67dca266ce6ef42f520fbb98,0x7071f121c038a98f8a7d485648a27fcd48891ba8,0,0,call,0x,68.58786372,None
5380937,1522872102,0xe27685346cc6953737b630d638aff211cd6557320fa8f88f505d9f22485caf66,0xfbb1b73c4f0bda4f67dca266ce6ef42f520fbb98,0x7071f121c038a98f8a7d485648a27fcd48891ba8,0,0,call,0x,27.94729068,None
5381408,1522879259,0x98b3403f0ecabde08c3ed532a0063fb6e0ca31bf500f9b47281ada0228e0acf4,0xfbb1b73c4f0bda4f67dca266ce6ef42f520fbb98,0x7071f121c038a98f8a7d485648a27fcd48891ba8,0,0,call,0x,82.02096012999998,None
5381914,1522886542,0xf21c63062d65742c48f52ad26c73e34e30318d2e58c08348ee834e1a22ef7aca,0xfbb1b73c4f0bda4f67dca266ce6ef42f520fbb98,0x7071f121c038a98f8a7d485648a27fcd48891ba8,0,0,call,0x,26.74244877,None
5383415,1522908140,0x7760ce2425b7444a03aafa2c39ab97c6f289e9c1da8fdb83080075fb59c58ee6,0xfbb1b73c4f0bda4f67dca266ce6ef42f520fbb98,0x7071f121c038a98f8a7d485648a27fcd48891ba8,0,0,call,0x,29.76786907,None
5383923,1522915314,0x517b31f084a19c67558c55831390d1ea29d4ca3a13149fb9094405c43373a146,0xfbb1b73c4f0bda4f67dca266ce6ef42f520fbb98,0x7071f121c038a98f8a7d485648a27fcd48891ba8,0,0,call,0x,26.12976403,None
5384437,1522922542,0xc889ce4b99022752a2d84ae144d42039b9860c16a78e19b4ee61e392c32d28a5,0xfbb1b73c4f0bda4f67dca266ce6ef42f520fbb98,0x7071f121c038a98f8a7d485648a27fcd48891ba8,0,0,call,0x,43.71059535,None
5384933,1522929724,0x1175e5e727166d042e515fb98ba582148fa69b76714e625c2d5beaaeca71f4b4,0xfbb1b73c4f0bda4f67dca266ce6ef42f520fbb98,0x7071f121c038a98f8a7d485648a27fcd48891ba8,0,0,call,0x,26.70535646,None
5385896,1522944206,0x1aca39a8c6ca386dadd8686bee1958111e32f5bb1be0297d300c949d28007e45,0xfbb1b73c4f0bda4f67dca266ce6ef42f520fbb98,0x7071f121c038a98f8a7d485648a27fcd48891ba8,0,0,call,0x,43.03065758,None
5386386,1522951290,0x8afb0769986b36da8da5dd5093f1dead9ecdddc6eb2909556bb41df6c52a45e5,0xfbb1b73c4f0bda4f67dca266ce6ef42f520fbb98,0x7071f121c038a98f8a7d485648a27fcd48891ba8,0,0,call,0x,31.97496649,None
5386907,1522958446,0xfc3b8d3352b1de8abb49b651271c4799ff378b15cabebe1cb8f4e88653406f99,0xfbb1b73c4f0bda4f67dca266ce6ef42f520fbb98,0x7071f121c038a98f8a7d485648a27fcd48891ba8,0,0,call,0x,77.45179122,None
5387965,1522972865,0x329831ea1a58b8bcdb9e598e0dcb56f22d35ed92e2231a2e24c6cbbc7083eb35,0xfbb1b73c4f0bda4f67dca266ce6ef42f520fbb98,0x7071f121c038a98f8a7d485648a27fcd48891ba8,0,0,call,0x,29.06341715,None
5389993,1523001690,0x73ce19366b09c93ec1f626ad891c830625e3234b2ce4281c973998a431562b07,0xfbb1b73c4f0bda4f67dca266ce6ef42f520fbb98,0x7071f121c038a98f8a7d485648a27fcd48891ba8,0,0,call,0x,33.70438388,None
5390498,1523008871,0x1f8ba1428e23d299393cdf8b834773e8275ff01cf06ecfd2ccc3b1178a7a24a9,0xfbb1b73c4f0bda4f67dca266ce6ef42f520fbb98,0x7071f121c038a98f8a7d485648a27fcd48891ba8,0,0,call,0x,28.82286972,None
5390980,1523016120,0x53dc917d730d2cd60aaf1f1d4e2cbb5fab4297b6d471fa37bd4a7f138a819e58,0xfbb1b73c4f0bda4f67dca266ce6ef42f520fbb98,0x7071f121c038a98f8a7d485648a27fcd48891ba8,0,0,call,0x,24.67055643,None
5391460,1523023299,0x020629a513ae04b68afa7e97b8ffa951ab5992372113ef8a90d296ec4c0dd053,0xfbb1b73c4f0bda4f67dca266ce6ef42f520fbb98,0x7071f121c038a98f8a7d485648a27fcd48891ba8,0,0,call,0x,43.34156835,None
5392486,1523037716,0xd3e0e5dcd67e5c9c803c80fe69e4ec4b3552a8aa4a7467d4568ac4e878444dc2,0xfbb1b73c4f0bda4f67dca266ce6ef42f520fbb98,0x7071f121c038a98f8a7d485648a27fcd48891ba8,0,0,call,0x,77.88529089000002,None
5392977,1523044864,0x656e63d70245339346ed50e3739d097ee483a2630ddda31964b80afa1ecdf5f7,0xfbb1b73c4f0bda4f67dca266ce6ef42f520fbb98,0x7071f121c038a98f8a7d485648a27fcd48891ba8,0,0,call,0x,25.05236839,None
5394496,1523066524,0x5fb0509ea0ad5be9c4730d8c098b46c2ace7ae772ef6a406a4b4cf21e1bdcd4e,0xfbb1b73c4f0bda4f67dca266ce6ef42f520fbb98,0x7071f121c038a98f8a7d485648a27fcd48891ba8,0,0,call,0x,26.26275769,None
5396018,1523088118,0x0b212ab0a0d53d50430a5b6595a8f3e375a50973d5e930f57f7d532e5eb9e879,0xfbb1b73c4f0bda4f67dca266ce6ef42f520fbb98,0x7071f121c038a98f8a7d485648a27fcd48891ba8,0,0,call,0x,40.7573813,None
5398582,1523124080,0xed30f74f51a6335065bec146de986834b6ddf0f15a036fcc26780800f2496851,0xfbb1b73c4f0bda4f67dca266ce6ef42f520fbb98,0x7071f121c038a98f8a7d485648a27fcd48891ba8,0,0,call,0x,39.82924723,None
5399076,1523131285,0xc6ec68e20500852090f207c2b33841619b4fd78712abad2e5d053f7129cac299,0xfbb1b73c4f0bda4f67dca266ce6ef42f520fbb98,0x7071f121c038a98f8a7d485648a27fcd48891ba8,0,0,call,0x,37.57576257,None
5402614,1523181720,0xfede9216b139068efafc4393a76acdbc55d3131d10b589606be6725900e82b89,0xfbb1b73c4f0bda4f67dca266ce6ef42f520fbb98,0x7071f121c038a98f8a7d485648a27fcd48891ba8,0,0,call,0x,23.09772081,None
5403099,1523188870,0x4dfc58dcc327178e60665a367d05a5635b2b2fe6d969b27f97923f8a21439167,0xfbb1b73c4f0bda4f67dca266ce6ef42f520fbb98,0x7071f121c038a98f8a7d485648a27fcd48891ba8,0,0,call,0x,35.63730070000001,None
5404105,1523203272,0x7dc238ddd13fd48ca194931f7a1b202dd7fd06f8597187e7b5306979d742e345,0xfbb1b73c4f0bda4f67dca266ce6ef42f520fbb98,0x7071f121c038a98f8a7d485648a27fcd48891ba8,0,0,call,0x,25.41555268,None
5405608,1523224880,0x5c4e11819a12d4594ef9c16e59cd57bcf52110da6615191513be62c97a8ed336,0xfbb1b73c4f0bda4f67dca266ce6ef42f520fbb98,0x7071f121c038a98f8a7d485648a27fcd48891ba8,0,0,call,0x,24.68943257,None
5408581,1523268136,0x600ca3e536d603e88a777902934057e36fda0991a1b0f46b64a9787f34ba0914,0xfbb1b73c4f0bda4f67dca266ce6ef42f520fbb98,0x7071f121c038a98f8a7d485648a27fcd48891ba8,0,0,call,0x,70.43203529,None
5410075,1523289894,0xd9cbb00a2f7a7ddbf19001f27b70ed9d01324fcd3408119069c7752a9f6753da,0xfbb1b73c4f0bda4f67dca266ce6ef42f520fbb98,0x7071f121c038a98f8a7d485648a27fcd48891ba8,0,0,call,0x,90.87691813,None
5411091,1523304044,0x894f4e7644089229e9a5baa485e6c5e89a6e5db441d27bcf8b630e09bd599409,0xfbb1b73c4f0bda4f67dca266ce6ef42f520fbb98,0x7071f121c038a98f8a7d485648a27fcd48891ba8,0,0,call,0x,33.584057,None
5411609,1523311289,0x43e4361032fd94cd37e3aedf5d7f07810e622d9a6ac33f05319f6de19de478e6,0xfbb1b73c4f0bda4f67dca266ce6ef42f520fbb98,0x7071f121c038a98f8a7d485648a27fcd48891ba8,0,0,call,0x,161.90235251,None
5414169,1523347276,0x1abbe60e79c310340fdf64165ed5c3ce777a464d5f4fb624eb64927736696661,0xfbb1b73c4f0bda4f67dca266ce6ef42f520fbb98,0x7071f121c038a98f8a7d485648a27fcd48891ba8,0,0,call,0x,47.60992504,None
5414661,1523354482,0x201638681a74f6e1d991c4c8f85b2e7d8231f2a30e4ef4a4c669100cd8353bc9,0xfbb1b73c4f0bda4f67dca266ce6ef42f520fbb98,0x7071f121c038a98f8a7d485648a27fcd48891ba8,0,0,call,0x,28.17863072,None
5415184,1523361705,0x5bc09c6d3be9f5dc3feab4fa3c2cfe85903284618144d6eb225bd3aedc9785fc,0xfbb1b73c4f0bda4f67dca266ce6ef42f520fbb98,0x7071f121c038a98f8a7d485648a27fcd48891ba8,0,0,call,0x,42.61804161,None
5415685,1523368928,0x6dfde12a251db5d6030c7e5d0fd6f549235bfd8d3b6bbbf5a25445d5886d926c,0xfbb1b73c4f0bda4f67dca266ce6ef42f520fbb98,0x7071f121c038a98f8a7d485648a27fcd48891ba8,0,0,call,0x,26.25579581,None
5416178,1523376040,0x6cc6ed17a2ec4c552669e41329dfeb21ed24a94b3e11bf76840299ad90a9a199,0xfbb1b73c4f0bda4f67dca266ce6ef42f520fbb98,0x7071f121c038a98f8a7d485648a27fcd48891ba8,0,0,call,0x,45.36928683,None
5416675,1523383295,0xf6d9f43cba3f8b5fa15692fef24c5c3c94c2c393ce354f3aceb17e09cc8642a7,0xfbb1b73c4f0bda4f67dca266ce6ef42f520fbb98,0x7071f121c038a98f8a7d485648a27fcd48891ba8,0,0,call,0x,82.87934861,None
5417167,1523390487,0xc8a1795408404ea064b7ca52542486576cbbf3014f49baff056308db97673de4,0xfbb1b73c4f0bda4f67dca266ce6ef42f520fbb98,0x7071f121c038a98f8a7d485648a27fcd48891ba8,0,0,call,0x,91.51856051,None
5418197,1523404952,0x7448aeba82932dd851b1e65806db4d51fdf2636b27aa0b744c72fb3097e68a08,0xfbb1b73c4f0bda4f67dca266ce6ef42f520fbb98,0x7071f121c038a98f8a7d485648a27fcd48891ba8,0,0,call,0x,56.35374581000001,None
5420672,1523440891,0x46a89d18c8e6cd86853ccbcf77c084c57e18cfff26aa0f55a09dfe6547b211e6,0xfbb1b73c4f0bda4f67dca266ce6ef42f520fbb98,0x7071f121c038a98f8a7d485648a27fcd48891ba8,0,0,call,0x,55.29208558000001,None
5421689,1523455346,0xa413d052e97bad3c35f3ec7e1890980f78eb84a903de939045c2296f05435a52,0xfbb1b73c4f0bda4f67dca266ce6ef42f520fbb98,0x7071f121c038a98f8a7d485648a27fcd48891ba8,0,0,call,0x,56.42097871,None
5422179,1523462500,0xcfbdff88185b00981b46094de89e99c1aa98121a3e3bbff2f0d2c9341d68c9d4,0xfbb1b73c4f0bda4f67dca266ce6ef42f520fbb98,0x7071f121c038a98f8a7d485648a27fcd48891ba8,0,0,call,0x,60.22453209,None
5422657,1523469664,0xbe137a1ed29d12556c74ea6195be15512597ff28b57110a960fc90c8ece6b338,0xfbb1b73c4f0bda4f67dca266ce6ef42f520fbb98,0x7071f121c038a98f8a7d485648a27fcd48891ba8,0,0,call,0x,116.25249624,None
5423149,1523476813,0xdd2d58cca2eff43c2dcdb20c9b7e9011bc32a0fdaadfcbf6c6ca9e8faff1d489,0xfbb1b73c4f0bda4f67dca266ce6ef42f520fbb98,0x7071f121c038a98f8a7d485648a27fcd48891ba8,0,0,call,0x,66.40037069,None
5425668,1523512936,0xfe6b28707c815abd85737a493e86dd23bb1511d26abc46c212c5de3d24d8fd0b,0xfbb1b73c4f0bda4f67dca266ce6ef42f520fbb98,0x7071f121c038a98f8a7d485648a27fcd48891ba8,0,0,call,0x,54.26593081,None
5426638,1523527223,0xd711ad6f6eb707d9d78f8829eaffa5c464e1661202766aca15017c62fb9fce3e,0xfbb1b73c4f0bda4f67dca266ce6ef42f520fbb98,0x7071f121c038a98f8a7d485648a27fcd48891ba8,0,0,call,0x,46.87244860000001,None
5427134,1523534493,0x4271bebe7d594eda00c00535c31c4390d5bae69053b894dd55646736837e3c20,0xfbb1b73c4f0bda4f67dca266ce6ef42f520fbb98,0x7071f121c038a98f8a7d485648a27fcd48891ba8,0,0,call,0x,113.36402342,None
5427644,1523541635,0xecd326668b2e839a4cd029c2dd59fe80d38be8db2ca18b79aeb09df31f5f4ff4,0xfbb1b73c4f0bda4f67dca266ce6ef42f520fbb98,0x7071f121c038a98f8a7d485648a27fcd48891ba8,0,0,call,0x,163.58753829,None
5428149,1523548908,0xdccc59355b6a4daf8e1ad8cd8d0c4df7376885ff771a47a70f3ecd1bdcabb67c,0xfbb1b73c4f0bda4f67dca266ce6ef42f520fbb98,0x7071f121c038a98f8a7d485648a27fcd48891ba8,0,0,call,0x,44.66410287,None
5428615,1523556042,0x4e475228ffec9f066aa12806bb20554cdde697857aa419196796c21ef2be5f5b,0xfbb1b73c4f0bda4f67dca266ce6ef42f520fbb98,0x7071f121c038a98f8a7d485648a27fcd48891ba8,0,0,call,0x,95.83653608,None
5429121,1523563277,0x623861493fa232734987cafc6662370e75de7acc66edf3bb8301a0abcee0139e,0xfbb1b73c4f0bda4f67dca266ce6ef42f520fbb98,0x7071f121c038a98f8a7d485648a27fcd48891ba8,0,0,call,0x,83.03311083,None
5429587,1523570464,0x334e32e766209bd2dbc066403b6f5f08f1ef11d34f98016467ff538d1e867e30,0xfbb1b73c4f0bda4f67dca266ce6ef42f520fbb98,0x7071f121c038a98f8a7d485648a27fcd48891ba8,0,0,call,0x,82.17552465000001,None
5430053,1523577705,0x12bee7eb19a9e26015b34b7d6d35b13a2d54f41d8a386a843ae8c546e8c28865,0xfbb1b73c4f0bda4f67dca266ce6ef42f520fbb98,0x7071f121c038a98f8a7d485648a27fcd48891ba8,0,0,call,0x,75.42597625,None
5431074,1523592104,0x16b43959170318047b1380ce4cc23810a931dbf3f81f325e8b65104a64deac5f,0xfbb1b73c4f0bda4f67dca266ce6ef42f520fbb98,0x7071f121c038a98f8a7d485648a27fcd48891ba8,0,0,call,0x,26.43827126,None
5432058,1523606537,0x3d64ff12d060dae2de7b5b88296778e7db28cbfdd55df50d10b92c2c80848414,0xfbb1b73c4f0bda4f67dca266ce6ef42f520fbb98,0x7071f121c038a98f8a7d485648a27fcd48891ba8,0,0,call,0x,100.40258262,None
5432540,1523613687,0x14b67601eefae0c41567081e6379a4af182330abdbe06607806b8aef8356cd4f,0xfbb1b73c4f0bda4f67dca266ce6ef42f520fbb98,0x7071f121c038a98f8a7d485648a27fcd48891ba8,0,0,call,0x,246.39816412,None
5433036,1523620942,0x288ed0f9997bf82f13b697be8c06d5ffe1c42285f7ad0f6ecd57912d4c6d2716,0xfbb1b73c4f0bda4f67dca266ce6ef42f520fbb98,0x7071f121c038a98f8a7d485648a27fcd48891ba8,0,0,call,0x,36.07441732,None
5433517,1523628073,0x998adea0e4b38fbcf15676f2e39e336bcb821939cbae8964528d8a7d03d9b984,0xfbb1b73c4f0bda4f67dca266ce6ef42f520fbb98,0x7071f121c038a98f8a7d485648a27fcd48891ba8,0,0,call,0x,90.78800634,None
5434971,1523649680,0xf2aa42048621f343f5d9335c03220a1cd5a35e70904bc5d4a7099693e84d7d81,0xfbb1b73c4f0bda4f67dca266ce6ef42f520fbb98,0x7071f121c038a98f8a7d485648a27fcd48891ba8,0,0,call,0x,62.51079939,None
5441890,1523750430,0x91cedf737960cdd26a5bc51143d1117adf36d4e567e0503ba4f3e61645959c3f,0xfbb1b73c4f0bda4f67dca266ce6ef42f520fbb98,0x7071f121c038a98f8a7d485648a27fcd48891ba8,0,0,call,0x,42.80754554,None
5442919,1523764851,0x0dace4f28b205c2debb55a4e0ad832583b23f1b30812a4bd38c5d21eb980a74d,0xfbb1b73c4f0bda4f67dca266ce6ef42f520fbb98,0x7071f121c038a98f8a7d485648a27fcd48891ba8,0,0,call,0x,41.73264413,None
5444377,1523786456,0x6a184603ef4e7270fca64cbaad5522269f4d5e4930724dd36e87d422797e29a6,0xfbb1b73c4f0bda4f67dca266ce6ef42f520fbb98,0x7071f121c038a98f8a7d485648a27fcd48891ba8,0,0,call,0x,68.05288363,None
5444878,1523793744,0xf3d2bece9050ab1e4401e5fb9c2c2be22eb60736bb850dabd2e072271f1c7901,0xfbb1b73c4f0bda4f67dca266ce6ef42f520fbb98,0x7071f121c038a98f8a7d485648a27fcd48891ba8,0,0,call,0x,45.23909570000001,None
5445359,1523800988,0xe5a5c04c707ec9c970511b4c8b1a54871f81fa1e4953e035735eec19967831a2,0xfbb1b73c4f0bda4f67dca266ce6ef42f520fbb98,0x7071f121c038a98f8a7d485648a27fcd48891ba8,0,0,call,0x,39.89487758,None
5445838,1523808200,0xc24b90fa6c6bbb47833f0c794c6b5ed2c3fcbb31825327ef5a9d3c9efd2f13ac,0xfbb1b73c4f0bda4f67dca266ce6ef42f520fbb98,0x7071f121c038a98f8a7d485648a27fcd48891ba8,0,0,call,0x,62.685899170000006,None
5446852,1523822499,0x2593ba8b14a06f73175962165959022fabef033f59c97743c7c4e94453b86bc6,0xfbb1b73c4f0bda4f67dca266ce6ef42f520fbb98,0x7071f121c038a98f8a7d485648a27fcd48891ba8,0,0,call,0x,37.15974604,None
5469225,1524153760,0xf92d14dbba62733b023058bd9cff29410ea461f6f4e08bfd0c09294efb3c64b8,0xfbb1b73c4f0bda4f67dca266ce6ef42f520fbb98,0x7071f121c038a98f8a7d485648a27fcd48891ba8,0,0,call,0x,49.06298981000001,None
5469701,1524160891,0xbb8104f22fc1e552649b59796539f0d078bfd2f5c97c93f3ec66076b56521c3a,0xfbb1b73c4f0bda4f67dca266ce6ef42f520fbb98,0x7071f121c038a98f8a7d485648a27fcd48891ba8,0,0,call,0x,148.03563698,None
5476918,1524268882,0x31e4e9cec479ee35c0e9080750500a6c54092caa63299e9f3076b0e4f8e90842,0xfbb1b73c4f0bda4f67dca266ce6ef42f520fbb98,0x7071f121c038a98f8a7d485648a27fcd48891ba8,0,0,call,0x,41.14144991,None
5478889,1524297750,0x0fbc4626408a05bffe0d8eb10b000a97f3dcda459bedf3bcd70cbbf32a72a428,0xfbb1b73c4f0bda4f67dca266ce6ef42f520fbb98,0x7071f121c038a98f8a7d485648a27fcd48891ba8,0,0,call,0x,83.48422212,None
5485199,1524391278,0x1cf6e1a1f9830f7bd6d128e546e948bd7e67e0969d1fd5c9dd4df4c51d872bd5,0xfbb1b73c4f0bda4f67dca266ce6ef42f520fbb98,0x7071f121c038a98f8a7d485648a27fcd48891ba8,0,0,call,0x,55.48646464,None
5486218,1524405797,0x33f0422e5a624ff1f2d6a0ee5f8d36e39a0545cc100cf83908f5e4155b059abe,0xfbb1b73c4f0bda4f67dca266ce6ef42f520fbb98,0x7071f121c038a98f8a7d485648a27fcd48891ba8,0,0,call,0x,56.71005022,None
5486704,1524412847,0xf670d31244dc070c4d21bbfdaa374fec33d586ccd373ad48539278bdff4a52bb,0xfbb1b73c4f0bda4f67dca266ce6ef42f520fbb98,0x7071f121c038a98f8a7d485648a27fcd48891ba8,0,0,call,0x,76.43311268,None
5487695,1524427261,0x920ca42822385c3abff95f6dbcd91712470f7023ddc1ee33f87a92bdeec84e0e,0xfbb1b73c4f0bda4f67dca266ce6ef42f520fbb98,0x7071f121c038a98f8a7d485648a27fcd48891ba8,0,0,call,0x,24.37076780000001,None
5493532,1524514009,0x63d300c53cd789bac381df4b7905e7d0db7815791c10516aac23ac0afb5cf38e,0xfbb1b73c4f0bda4f67dca266ce6ef42f520fbb98,0x59f6992e185d62d57036ca4b82465e9e5c3a8f32,0,0,call,0x,2.81020532,None
5497304,1524571411,0xfcabb574012754194c0b931b5566e3ee73cdd9bdbe9daef4d11576c17d8d0635,0xfbb1b73c4f0bda4f67dca266ce6ef42f520fbb98,0x7071f121c038a98f8a7d485648a27fcd48891ba8,0,0,call,0x,323.79369404,None
5497784,1524578548,0x952a26dcf83537a08c28c88e233cdf8b449d6991204a155e5f126fd7c9b76120,0xfbb1b73c4f0bda4f67dca266ce6ef42f520fbb98,0x7071f121c038a98f8a7d485648a27fcd48891ba8,0,0,call,0x,50.46943489,None
5498724,1524592939,0xf13554b0e25c7e106883fbbe1f1287910b75d5ef8ccfb4fde035cc7b19a5c1c1,0xfbb1b73c4f0bda4f67dca266ce6ef42f520fbb98,0x7071f121c038a98f8a7d485648a27fcd48891ba8,0,0,call,0x,24.08689422,None
5499231,1524600064,0x9a738bb7ffbcf389f57bb26beacb49bb89b401630195d82112d6d7b2f164c71c,0xfbb1b73c4f0bda4f67dca266ce6ef42f520fbb98,0x7071f121c038a98f8a7d485648a27fcd48891ba8,0,0,call,0x,61.87413253,None
5499724,1524607235,0x66170ab8cf25f86f8ff6a5cfaad0a941da08f09db680cb1609876f1e91078941,0xfbb1b73c4f0bda4f67dca266ce6ef42f520fbb98,0x7071f121c038a98f8a7d485648a27fcd48891ba8,0,0,call,0x,55.54619955,None
5500203,1524614514,0xf5ea651f4894bf6601f2183fc153faca4f9f239abc059c9f91bdd8ad26d1b585,0xfbb1b73c4f0bda4f67dca266ce6ef42f520fbb98,0x7071f121c038a98f8a7d485648a27fcd48891ba8,0,0,call,0x,31.54999778,None
5503288,1524659843,0x24d0d4753d535025fb2dd2024af6491b26c6e1c2123e53a473d52ef3668146cb,0xfbb1b73c4f0bda4f67dca266ce6ef42f520fbb98,0x59f6992e185d62d57036ca4b82465e9e5c3a8f32,0,0,call,0x,0.494,None
5510893,1524773052,0xace85d99c602072ce3794eba8b971562e4386d9e214d73e551173f5ba9b295f6,0xfbb1b73c4f0bda4f67dca266ce6ef42f520fbb98,0x7071f121c038a98f8a7d485648a27fcd48891ba8,0,0,call,0x,54.79352862,None
5511371,1524780069,0xbe6a109ba295056a27bf8274a65a6f8c6cde96140cddad58ab8cfd6627ec738a,0xfbb1b73c4f0bda4f67dca266ce6ef42f520fbb98,0x7071f121c038a98f8a7d485648a27fcd48891ba8,0,0,call,0x,78.22000652,None
5511882,1524787258,0xad6a121d0e62be39a2ecc8f03d8b35f083aa430e2a07766ff44431bab0229ebc,0xfbb1b73c4f0bda4f67dca266ce6ef42f520fbb98,0x7071f121c038a98f8a7d485648a27fcd48891ba8,0,0,call,0x,46.70896188,None
5513263,1524808830,0x4e7858a751665527cc2505301782840eb4aa4f84a3f518507d7d8d1281d63161,0xfbb1b73c4f0bda4f67dca266ce6ef42f520fbb98,0x7071f121c038a98f8a7d485648a27fcd48891ba8,0,0,call,0x,39.69213696,None
5513729,1524816147,0xe6288174a90ffced9d12e769ee33077e633e87354c538147eb2ec287f7b81940,0xfbb1b73c4f0bda4f67dca266ce6ef42f520fbb98,0x7071f121c038a98f8a7d485648a27fcd48891ba8,0,0,call,0x,29.72746908,None
5514692,1524830543,0x5ce0c657415ded88147aedc6e5935200ff008310c6539d4a18297bde71a91c20,0xfbb1b73c4f0bda4f67dca266ce6ef42f520fbb98,0x7071f121c038a98f8a7d485648a27fcd48891ba8,0,0,call,0x,29.14316072,None
5515167,1524837620,0x766e615aedea44f65f8c9bc321d87499ef284f854619fb9c4bec85945fa30ca1,0xfbb1b73c4f0bda4f67dca266ce6ef42f520fbb98,0x7071f121c038a98f8a7d485648a27fcd48891ba8,0,0,call,0x,54.28767211,None
5515632,1524844899,0x815208ab7ebecb5952127a5f58ef0d8396b8048287e10361d0ef9bfe215278e2,0xfbb1b73c4f0bda4f67dca266ce6ef42f520fbb98,0x7071f121c038a98f8a7d485648a27fcd48891ba8,0,0,call,0x,43.91337839,None
5517117,1524866521,0xfdfb7838e4b3191725e52be0d7348eab2b0d1b2e498ec9638a2d1461b54756e0,0xfbb1b73c4f0bda4f67dca266ce6ef42f520fbb98,0x7071f121c038a98f8a7d485648a27fcd48891ba8,0,0,call,0x,37.32271514999999,None
5519511,1524902573,0x5ee659840df938dff5fe2912f5948662bed5ce0eaa11111c9e4deacb17b6bc1c,0xfbb1b73c4f0bda4f67dca266ce6ef42f520fbb98,0x7071f121c038a98f8a7d485648a27fcd48891ba8,0,0,call,0x,28.80607199,None
5520012,1524909893,0x22c8d34cd06a1e5727160487993f1bc5c550d55967b75aec1633e8d6c2fc2c51,0xfbb1b73c4f0bda4f67dca266ce6ef42f520fbb98,0x7071f121c038a98f8a7d485648a27fcd48891ba8,0,0,call,0x,24.08037757,None
5520946,1524924253,0x385308bdce33628d6d487597ca2ca01cd242c513d57238b879eee146e4d72b81,0xfbb1b73c4f0bda4f67dca266ce6ef42f520fbb98,0x7071f121c038a98f8a7d485648a27fcd48891ba8,0,0,call,0x,44.90735477000001,None
5521851,1524938514,0x7cfa3ba723c3a77e11096a70735d144b792d9929a98998f9a0ad0658beb5729b,0xfbb1b73c4f0bda4f67dca266ce6ef42f520fbb98,0x7071f121c038a98f8a7d485648a27fcd48891ba8,0,0,call,0x,51.46724348000001,None
5525277,1524988820,0xc6411c1e31998c4b37bf3a0bee80507b8ea97160e9fd571ed3607418a874b95c,0xfbb1b73c4f0bda4f67dca266ce6ef42f520fbb98,0x7071f121c038a98f8a7d485648a27fcd48891ba8,0,0,call,0x,30.60758692,None
5528184,1525032063,0xcddac7b18193adb68fb344d3cf4b46d6315901f40439177a3fc5501e333b3a89,0xfbb1b73c4f0bda4f67dca266ce6ef42f520fbb98,0x7071f121c038a98f8a7d485648a27fcd48891ba8,0,0,call,0x,37.02752845000001,None
5529141,1525046466,0xc7d9d85647b279659d047a31a80446d6363a4dd24f3810275109b1d98a16ef7d,0xfbb1b73c4f0bda4f67dca266ce6ef42f520fbb98,0x7071f121c038a98f8a7d485648a27fcd48891ba8,0,0,call,0x,39.96636161,None
5531062,1525075238,0xc7a201a810789376f1c8df1800d0e1e9de2d70a1e1f702efbcda11fedfd32688,0xfbb1b73c4f0bda4f67dca266ce6ef42f520fbb98,0x7071f121c038a98f8a7d485648a27fcd48891ba8,0,0,call,0x,34.31061725,None
5531535,1525082605,0xfe47015e8b7f50bc16afa75ecae6a88b1a649d21dfaa02772e392f29130e1a06,0xfbb1b73c4f0bda4f67dca266ce6ef42f520fbb98,0x7071f121c038a98f8a7d485648a27fcd48891ba8,0,0,call,0x,388.94838908,None
5537216,1525168871,0x9c492255567ae002ebe81251a763c00125173965b860a64af42fd0df3cdf325b,0xfbb1b73c4f0bda4f67dca266ce6ef42f520fbb98,0x7071f121c038a98f8a7d485648a27fcd48891ba8,0,0,call,0x,53.36042283,None
5538140,1525183436,0x2dab46b3fc2e0db37c16e453aff275229f4ff9916d0ef100e40d08e19eb698a8,0xfbb1b73c4f0bda4f67dca266ce6ef42f520fbb98,0x7071f121c038a98f8a7d485648a27fcd48891ba8,0,0,call,0x,42.73542629000001,None
5539576,1525204926,0x9f45581e93d2dd2158966555700ddb48bebaa32636fa3fc7be5fd51dab88fcb9,0xfbb1b73c4f0bda4f67dca266ce6ef42f520fbb98,0x7071f121c038a98f8a7d485648a27fcd48891ba8,0,0,call,0x,37.03124711,None
5605883,1526205650,0xef7c814ed6fc1544b9c53d281ec56a67dcce87e82f0af957c122e36b9e288334,0xfbb1b73c4f0bda4f67dca266ce6ef42f520fbb98,0x7071f121c038a98f8a7d485648a27fcd48891ba8,0,0,call,0x,37.20309,None
5606363,1526212828,0xc663d68a1e54236c6303d39f75a6ab7113647f212321a2ef38c1e6892f1d5552,0xfbb1b73c4f0bda4f67dca266ce6ef42f520fbb98,0x7071f121c038a98f8a7d485648a27fcd48891ba8,0,0,call,0x,52.25006,None
5606861,1526220074,0x00ccd782d78e229947dd353a54de6932c529a62213c06c59d21576a86080e3ab,0xfbb1b73c4f0bda4f67dca266ce6ef42f520fbb98,0x7071f121c038a98f8a7d485648a27fcd48891ba8,0,0,call,0x,95.44527,None
5607809,1526234596,0xf8f223058edc55d809062e3ac93e80a6a9072e2711982c33e6cec33418325528,0xfbb1b73c4f0bda4f67dca266ce6ef42f520fbb98,0x7071f121c038a98f8a7d485648a27fcd48891ba8,0,0,call,0x,34.42910076,None
5608282,1526241681,0xefab5ce5bcdcc175259ab51246569782bd4c13d308a0697db200a1a478756a38,0xfbb1b73c4f0bda4f67dca266ce6ef42f520fbb98,0x7071f121c038a98f8a7d485648a27fcd48891ba8,0,0,call,0x,40.02669681,None
5609270,1526256092,0xc58814cf20b93340dec56966c7df8916730970f1f25f9c18b44c1b2f31293804,0xfbb1b73c4f0bda4f67dca266ce6ef42f520fbb98,0x7071f121c038a98f8a7d485648a27fcd48891ba8,0,0,call,0x,28.05008989,None
5616805,1526371333,0x93c38362a3247d892cbd9cb1029e58cc3727825e302528b3eda79e9f82abbaeb,0xfbb1b73c4f0bda4f67dca266ce6ef42f520fbb98,0x7071f121c038a98f8a7d485648a27fcd48891ba8,0,0,call,0x,32.70901437,None
5674233,1527249750,0x461e1572bdf1fbc497dc71e21852eb88010f5062cf38cdc53827846ce486e46a,0xfbb1b73c4f0bda4f67dca266ce6ef42f520fbb98,0x7071f121c038a98f8a7d485648a27fcd48891ba8,0,0,call,0x,26.13845,None
5696904,1527595291,0x961754b0ea26d0dc0b0be985ba9bd0aa748db987c42e7cfff7216444071b55a8,0xfbb1b73c4f0bda4f67dca266ce6ef42f520fbb98,0x7071f121c038a98f8a7d485648a27fcd48891ba8,0,0,call,0x,70.17264,None
5697361,1527602456,0x5f91435d2488d0459c2f7d9fd0ad38c55f5e464c89080bc7c2d26d556efaad60,0xfbb1b73c4f0bda4f67dca266ce6ef42f520fbb98,0x7071f121c038a98f8a7d485648a27fcd48891ba8,0,0,call,0x,52.05825,None
5707679,1527760903,0x9d7bc2b5ba6732c2efec6b3189237bdacdb1ada037dd9004c517ab7606625f59,0xfbb1b73c4f0bda4f67dca266ce6ef42f520fbb98,0x7071f121c038a98f8a7d485648a27fcd48891ba8,0,0,call,0x,24.075210000000002,None
5708614,1527775301,0xaa90abb58881eba0e08ad6df4732dc455ed3aa589d097c8df457383b633b45e4,0xfbb1b73c4f0bda4f67dca266ce6ef42f520fbb98,0x7071f121c038a98f8a7d485648a27fcd48891ba8,0,0,call,0x,48.13196,None
5715152,1527876068,0x95b1a5fbf669d5100bb70e83eebea6a1b4cc3f5bd72ae53c9ff803b6e278b672,0xfbb1b73c4f0bda4f67dca266ce6ef42f520fbb98,0x7071f121c038a98f8a7d485648a27fcd48891ba8,0,0,call,0x,33.066309999999994,None
5719414,1527940910,0xbe427a90dfb5024e4b40e23093710f3e33bf14bfe8173051e2100919357ec1f2,0xfbb1b73c4f0bda4f67dca266ce6ef42f520fbb98,0x7071f121c038a98f8a7d485648a27fcd48891ba8,0,0,call,0x,27.59874000000001,None
5737737,1528221668,0x60162956e3c94cd3438a7a736bd0c66e2321ee0952f39328c17494e2ca838aff,0xfbb1b73c4f0bda4f67dca266ce6ef42f520fbb98,0x7071f121c038a98f8a7d485648a27fcd48891ba8,0,0,call,0x,40.27239,None
5769171,1528704113,0x7bc147486fea96956674ab388a0c3934daa533ddb894425e6b69d7bd54be4374,0xfbb1b73c4f0bda4f67dca266ce6ef42f520fbb98,0x7071f121c038a98f8a7d485648a27fcd48891ba8,0,0,call,0x,33.425979999999996,None
5772507,1528754568,0x8727f994373617881b3852ba0fadf25e06173c4838409324c18d252dc1a6e880,0xfbb1b73c4f0bda4f67dca266ce6ef42f520fbb98,0x7071f121c038a98f8a7d485648a27fcd48891ba8,0,0,call,0x,26.438909999999996,None
5816605,1529409700,0xed90c407575186793050abeff67f405eb4816bf80cc212acdeadc1550eba5ab2,0xfbb1b73c4f0bda4f67dca266ce6ef42f520fbb98,0x7071f121c038a98f8a7d485648a27fcd48891ba8,0,0,call,0x,58.1263,None
5817615,1529424100,0x5c9dd66b7ee46ab8930784e04cbcd4c4a330943436a20783829a539cfa38fe82,0xfbb1b73c4f0bda4f67dca266ce6ef42f520fbb98,0x7071f121c038a98f8a7d485648a27fcd48891ba8,0,0,call,0x,26.14872,None
5845425,1529834600,0x8686ca53e70f4fa4c53a3fef187e567d79b96e7d82a49f5ff9fefdc07d5e9513,0xfbb1b73c4f0bda4f67dca266ce6ef42f520fbb98,0x7071f121c038a98f8a7d485648a27fcd48891ba8,0,0,call,0x,41.954370000000004,None
5852623,1529942575,0x702f8092f699c8d42b25c0a1de481407dec0e945cc263a282fdaa7c1572d31b6,0xfbb1b73c4f0bda4f67dca266ce6ef42f520fbb98,0x7071f121c038a98f8a7d485648a27fcd48891ba8,0,0,call,0x,27.45928,None
5946107,1531332130,0x19a214981f78001b9515c77035ff0a691df2049037ed88fe73370f535073924c,0xfbb1b73c4f0bda4f67dca266ce6ef42f520fbb98,0x7071f121c038a98f8a7d485648a27fcd48891ba8,0,0,call,0x,50.02864,None
5947117,1531346454,0x1b436e5e10b8fe20fa97b7cf57cfb79572843f0f7a54852e2c444c34de43f270,0xfbb1b73c4f0bda4f67dca266ce6ef42f520fbb98,0x7071f121c038a98f8a7d485648a27fcd48891ba8,0,0,call,0x,40.59033,None
5958081,1531504922,0xfe0cf03c806810dd0234dff97493247d4a9c5e84707796886841b9e5902739a3,0xfbb1b73c4f0bda4f67dca266ce6ef42f520fbb98,0x7071f121c038a98f8a7d485648a27fcd48891ba8,0,0,call,0x,27.67393,None
5958584,1531512062,0x3b2d394b28e01dc8e347b974bf1d6fc3e1bbe4597f5a2a5406bf32570146e1bd,0xfbb1b73c4f0bda4f67dca266ce6ef42f520fbb98,0x7071f121c038a98f8a7d485648a27fcd48891ba8,0,0,call,0x,56.81536,None
5959591,1531526464,0xfd229be9342e704d6e5ecb09b447281a753d975481a35c64b2113fd075f902af,0xfbb1b73c4f0bda4f67dca266ce6ef42f520fbb98,0x7071f121c038a98f8a7d485648a27fcd48891ba8,0,0,call,0x,53.0469,None
5961612,1531555278,0xd02935db1b3bcfefe8c280e36b5bcda56017476a740bb998de3b589930207d0b,0xfbb1b73c4f0bda4f67dca266ce6ef42f520fbb98,0x7071f121c038a98f8a7d485648a27fcd48891ba8,0,0,call,0x,24.94416,None
5962620,1531569683,0xa6a0e99017607baabdfeeb70127580fa76dc3cdb5890b7d10906b0f64c110fb7,0xfbb1b73c4f0bda4f67dca266ce6ef42f520fbb98,0x7071f121c038a98f8a7d485648a27fcd48891ba8,0,0,call,0x,38.83795,None
5963733,1531585092,0x93ad687afb21c1f5521ad751ce4238986a1dc36b157d6e1da85c5a15a30fecea,0xfbb1b73c4f0bda4f67dca266ce6ef42f520fbb98,0x7071f121c038a98f8a7d485648a27fcd48891ba8,0,0,call,0x,31.70063,None
5965133,1531605651,0xfbb964c8c07f9662e82405ea9ad03fa4f3672bb8731cd10e73e69a96406e0957,0xfbb1b73c4f0bda4f67dca266ce6ef42f520fbb98,0x7071f121c038a98f8a7d485648a27fcd48891ba8,0,0,call,0x,23.81089,None
5969730,1531671550,0x6543a4d14a2adbaa111151464b2d4b0672615a96dd8649f48d7051ca38b9febe,0xfbb1b73c4f0bda4f67dca266ce6ef42f520fbb98,0x7071f121c038a98f8a7d485648a27fcd48891ba8,0,0,call,0x,34.02689,None
5970150,1531677736,0x7bbcb2beacec71501aa8e5dc1ab290241b3172401a87aab0b55a3e4b4d3db748,0xfbb1b73c4f0bda4f67dca266ce6ef42f520fbb98,0x7071f121c038a98f8a7d485648a27fcd48891ba8,0,0,call,0x,28.07422,None
5971149,1531692026,0xd5658423d5f53b3e0020ad2d248853082ffbe1512c533a77012d972e9455f213,0xfbb1b73c4f0bda4f67dca266ce6ef42f520fbb98,0x7071f121c038a98f8a7d485648a27fcd48891ba8,0,0,call,0x,34.0762,None
5977511,1531785615,0xc828f2611ac240677e71a3825a4eff0ec72569044e9826f9a6847d23946f7667,0xfbb1b73c4f0bda4f67dca266ce6ef42f520fbb98,0x7071f121c038a98f8a7d485648a27fcd48891ba8,0,0,call,0x,128.51699000000002,None
5979947,1531821733,0xec7fc75550c23cabf8d54c881c0714e23d4229dc4ac4df39462a4e1694fd057a,0xfbb1b73c4f0bda4f67dca266ce6ef42f520fbb98,0x7071f121c038a98f8a7d485648a27fcd48891ba8,0,0,call,0x,28.9875,None
5980421,1531828844,0xd90ef4f4f164f81a7120763e9ad64160c7b8ae43486894a6b7a1dbc1ac965ad5,0xfbb1b73c4f0bda4f67dca266ce6ef42f520fbb98,0x7071f121c038a98f8a7d485648a27fcd48891ba8,0,0,call,0x,26.82755,None
5980913,1531836127,0x784c91ce333460f45905c61c36f41f427463ebe04656c3d5e10f4998a82a859d,0xfbb1b73c4f0bda4f67dca266ce6ef42f520fbb98,0x7071f121c038a98f8a7d485648a27fcd48891ba8,0,0,call,0x,27.09202,None
5981880,1531850550,0xcffe77a3ff4ebfe9c2895c36f9c12e7f8eb008304cfa3505eff5ac91ea2a39da,0xfbb1b73c4f0bda4f67dca266ce6ef42f520fbb98,0x7071f121c038a98f8a7d485648a27fcd48891ba8,0,0,call,0x,39.87628,None
5982387,1531857700,0x10ba4f14356783863d31ff0e8be7790de8dd0b78f1e5e175f1bc2a1a1a0807e8,0xfbb1b73c4f0bda4f67dca266ce6ef42f520fbb98,0x7071f121c038a98f8a7d485648a27fcd48891ba8,0,0,call,0x,68.83033,None
6125672,1533952906,0xbfcf82d15264f3089f2c7b50944a80f0f962c5b156a3a36bd0cbbe69338480e4,0xfbb1b73c4f0bda4f67dca266ce6ef42f520fbb98,0x7071f121c038a98f8a7d485648a27fcd48891ba8,0,0,call,0x,30.58783,None
6162599,1534493037,0x6952b57a9f013840688f4ef296aed99de2c7a6a84dfb89d0152257872301a5eb,0xfbb1b73c4f0bda4f67dca266ce6ef42f520fbb98,0x7071f121c038a98f8a7d485648a27fcd48891ba8,0,0,call,0x,27.923059999999996,None
6168439,1534579290,0x3b1d7d478e268bd78a20294dbd4615dfa5dd5596da1871ec320fe116877129b2,0xfbb1b73c4f0bda4f67dca266ce6ef42f520fbb98,0x7071f121c038a98f8a7d485648a27fcd48891ba8,0,0,call,0x,28.87493,None
6187710,1534860074,0xf4dba1ef9be4788339b9559164be0ad364dffd6872aee1936937bf88b458e4de,0xfbb1b73c4f0bda4f67dca266ce6ef42f520fbb98,0x7071f121c038a98f8a7d485648a27fcd48891ba8,0,0,call,0x,24.54915,None
6194181,1534953703,0x3019d829848585df8e91d1cc0b8f6bc90d857c8da21410710533cf9c29afb43b,0xfbb1b73c4f0bda4f67dca266ce6ef42f520fbb98,0x7071f121c038a98f8a7d485648a27fcd48891ba8,0,0,call,0x,23.205379999999998,None
6223244,1535378438,0x2acb026592dc8f28a900d8647a97710f035be41784699c971fd8d1310ada3969,0xfbb1b73c4f0bda4f67dca266ce6ef42f520fbb98,0x7071f121c038a98f8a7d485648a27fcd48891ba8,0,0,call,0x,23.37424,None
6223750,1535385744,0x0f5a5ec3bc70e0b2477838e16dde42f5eedc6b43de2ef90702ee6a9ce659e3bb,0xfbb1b73c4f0bda4f67dca266ce6ef42f520fbb98,0x7071f121c038a98f8a7d485648a27fcd48891ba8,0,0,call,0x,80.20640999999998,None
6230648,1535486465,0x5acf55a71ac0ae2f78c453100787d854be2b1395b0683ecc4c466f6a6180734c,0xfbb1b73c4f0bda4f67dca266ce6ef42f520fbb98,0x7071f121c038a98f8a7d485648a27fcd48891ba8,0,0,call,0x,25.67148,None
6251360,1535788965,0x7a8cddebbc62ff47e39ed465e1757c82c5a6bcba49080d28476bb8a2981597cd,0xfbb1b73c4f0bda4f67dca266ce6ef42f520fbb98,0x7071f121c038a98f8a7d485648a27fcd48891ba8,0,0,call,0x,25.235210000000002,None
6286642,1536300131,0xf68e3f5b6e767e5a88c2d010615cffea0673ef8ec09f8452b07b3d984cf927ae,0xfbb1b73c4f0bda4f67dca266ce6ef42f520fbb98,0x7071f121c038a98f8a7d485648a27fcd48891ba8,0,0,call,0x,29.216509999999996,None
6295063,1536422501,0x3f2a94ecf7f79863f8d4f66b52e6d7fc9f7251a7519cc06bf6881c5493a8c24a,0xfbb1b73c4f0bda4f67dca266ce6ef42f520fbb98,0x7071f121c038a98f8a7d485648a27fcd48891ba8,0,0,call,0x,34.87124,None
6320459,1536789620,0x9c08673d1d7838d186137cd91ca364dff1ec556c783387f549d0351894c9ae69,0xfbb1b73c4f0bda4f67dca266ce6ef42f520fbb98,0x7071f121c038a98f8a7d485648a27fcd48891ba8,0,0,call,0x,37.51338,None
6323216,1536829316,0x1bca0b8e4e6c311033d7f35adf70c3d87ada919444b9a4afbd64bcbd0c7452ec,0xfbb1b73c4f0bda4f67dca266ce6ef42f520fbb98,0x7071f121c038a98f8a7d485648a27fcd48891ba8,0,0,call,0x,48.05495,None
5491165,1524478447,0x107d5d801dca5deaba14403e51d7fc12a5a0dfd6350c52a8f6ed7192f7d9cfc2,0x7071f121c038a98f8a7d485648a27fcd48891ba8,0x59f6992e185d62d57036ca4b82465e9e5c3a8f32,0,0,call,0x,0.63729505,None
5492718,1524501699,0x2201c419b02944b262ff4d180c39b94aee6a0b4081ae2d8ad41c11949a17595e,0x0d0707963952f2fba59dd06f2b425ace40b492fe,0x59f6992e185d62d57036ca4b82465e9e5c3a8f32,0,0,call,0x,0.5579,None
5518332,1524884622,0x6ab7078ca404224638927d19828661cdd6099060cd75ef34e824b8271be0457a,0x59f6992e185d62d57036ca4b82465e9e5c3a8f32,0xe18aa2b9add4952857d2314eddeb575dc9f64c73,0,0,call,0x,0.4931390000000001,None
5490200,1524463740,0x969ef720cb32e3cc34100343a1c9cdd36e8222209e1ea7aa4d960f37097bd384,0x59f6992e185d62d57036ca4b82465e9e5c3a8f32,0xc5b0f34daaa9182486c830ed0f15807ef8577372,0,0,call,0x,0.01,None
